0 0.783203125 0.1748046875 0.03359375 0.026953125
0 0.3115234375 0.130078125 0.023828125 0.02109375
0 0.4064453125 0.2880859375 0.048828125 0.048046875
0 0.493359375 0.3171875 0.02734375 0.02109375
0 0.4810546875 0.3423828125 0.026953125 0.019921875
0 0.1845703125 0.262890625 0.042578125 0.03203125
0 0.1845703125 0.3017578125 0.038671875 0.028515625
0 0.2765625 0.35 0.034375 0.0421875
0 0.2337890625 0.3302734375 0.034765625 0.041015625
0 0.3578125 0.39296875 0.03671875 0.0453125
0 0.135546875 0.4302734375 0.04921875 0.037890625
0 0.6294921875 0.36171875 0.030859375 0.0390625
0 0.60390625 0.4064453125 0.0484375 0.044921875
0 0.6716796875 0.3841796875 0.032421875 0.032421875
0 0.7109375 0.402734375 0.04140625 0.03046875
0 0.7630859375 0.4341796875 0.033203125 0.034765625
0 0.7884765625 0.466796875 0.033984375 0.0359375
0 0.675390625 0.5091796875 0.03671875 0.024609375
0 0.8396484375 0.4841796875 0.027734375 0.034765625
0 0.8767578125 0.4943359375 0.030859375 0.035546875
0 0.908203125 0.523046875 0.03515625 0.03203125
0 0.91953125 0.5607421875 0.0328125 0.028515625
0 0.940625 0.5943359375 0.03515625 0.031640625
0 0.869140625 0.6880859375 0.0296875 0.032421875
0 0.7958984375 0.6623046875 0.026953125 0.031640625
0 0.803125 0.79375 0.02890625 0.03359375
0 0.7615234375 0.8896484375 0.027734375 0.027734375
0 0.726953125 0.8701171875 0.03125 0.031640625
0 0.686328125 0.849609375 0.0390625 0.04765625
0 0.7298828125 0.7544921875 0.036328125 0.036328125
0 0.6962890625 0.9732421875 0.029296875 0.032421875
0 0.730859375 0.9869140625 0.03515625 0.024609375
0 0.412109375 0.494921875 0.02890625 0.03203125
0 0.3185546875 0.5751953125 0.030859375 0.034765625
0 0.2685546875 0.5654296875 0.029296875 0.030859375
0 0.2162109375 0.54296875 0.050390625 0.06171875
0 0.1734375 0.4955078125 0.03203125 0.039453125
0 0.109375 0.4884765625 0.05 0.060546875
0 0.055078125 0.4595703125 0.05 0.062890625
0 0.1005859375 0.607421875 0.047265625 0.0546875
