0 0.688671875 0.4013671875 0.0390625 0.046484375
0 0.8232421875 0.4724609375 0.023828125 0.026953125
0 0.3638671875 0.4197265625 0.052734375 0.046484375
0 0.263671875 0.491015625 0.0265625 0.02109375
0 0.310546875 0.5423828125 0.03984375 0.041015625
0 0.410546875 0.50546875 0.02578125 0.02578125
0 0.475390625 0.5369140625 0.02421875 0.028515625
0 0.5451171875 0.564453125 0.028515625 0.0296875
0 0.589453125 0.592578125 0.040625 0.05859375
0 0.6240234375 0.641015625 0.025390625 0.02421875
0 0.6625 0.6369140625 0.0234375 0.029296875
0 0.744921875 0.696875 0.021875 0.02578125
0 0.817578125 0.6515625 0.02578125 0.0265625
0 0.8349609375 0.7478515625 0.022265625 0.025390625
0 0.88046875 0.7775390625 0.025 0.026171875
0 0.926171875 0.7982421875 0.03125 0.024609375
0 0.923046875 0.850390625 0.0453125 0.04296875
0 0.8712890625 0.9451171875 0.051953125 0.045703125
0 0.35859375 0.5857421875 0.0453125 0.041796875
0 0.63125 0.0662109375 0.0125 0.015234375
