0 0.228125 0.0158203125 0.0390625 0.027734375
0 0.2923828125 0.0568359375 0.037109375 0.044140625
0 0.220703125 0.0564453125 0.03828125 0.033203125
0 0.4189453125 0.1263671875 0.041796875 0.041796875
0 0.091796875 0.18515625 0.040625 0.0265625
0 0.075390625 0.2162109375 0.0390625 0.028515625
0 0.2341796875 0.283203125 0.037890625 0.04296875
0 0.1658203125 0.325 0.041015625 0.0265625
0 0.1712890625 0.36953125 0.035546875 0.028125
0 0.2052734375 0.389453125 0.027734375 0.0375
0 0.2845703125 0.354296875 0.026953125 0.03515625
0 0.329296875 0.3619140625 0.02578125 0.039453125
0 0.364453125 0.4482421875 0.04140625 0.028515625
0 0.371484375 0.4869140625 0.0375 0.027734375
0 0.301171875 0.510546875 0.0296875 0.03125
0 0.26796875 0.5203125 0.028125 0.03046875
0 0.2662109375 0.5546875 0.033984375 0.03203125
0 0.2765625 0.5869140625 0.03359375 0.026953125
0 0.4892578125 0.5310546875 0.030859375 0.028515625
0 0.5951171875 0.5466796875 0.029296875 0.030078125
0 0.6509765625 0.6337890625 0.029296875 0.029296875
0 0.6986328125 0.72421875 0.029296875 0.0296875
0 0.727734375 0.79453125 0.0296875 0.028125
0 0.8072265625 0.846484375 0.030859375 0.03046875
0 0.8533203125 0.8068359375 0.032421875 0.030859375
0 0.8029296875 0.6720703125 0.030078125 0.028515625
0 0.8607421875 0.6515625 0.028515625 0.03359375
0 0.81875 0.700390625 0.0296875 0.02890625
0 0.8318359375 0.732421875 0.030078125 0.03125
0 0.75078125 0.94921875 0.0359375 0.0328125
