0 0.3763671875 0.2173828125 0.028515625 0.027734375
0 0.3669921875 0.26796875 0.042578125 0.03984375
0 0.3517578125 0.317578125 0.052734375 0.0421875
0 0.3349609375 0.3669921875 0.044921875 0.044140625
0 0.2294921875 0.3634765625 0.026953125 0.023828125
0 0.1953125 0.417578125 0.0421875 0.053125
0 0.240234375 0.4298828125 0.02734375 0.029296875
0 0.16953125 0.5287109375 0.025 0.028515625
0 0.2548828125 0.548828125 0.026171875 0.03125
0 0.283203125 0.60546875 0.02890625 0.025
0 0.2685546875 0.652734375 0.044140625 0.0453125
0 0.1779296875 0.73671875 0.029296875 0.03125
0 0.258984375 0.705078125 0.0265625 0.0234375
0 0.1044921875 0.8583984375 0.028515625 0.024609375
0 0.2296875 0.804296875 0.03125 0.02734375
0 0.3642578125 0.734375 0.047265625 0.0421875
0 0.3515625 0.78515625 0.0421875 0.0390625
0 0.3384765625 0.833984375 0.042578125 0.04453125
0 0.5306640625 0.6208984375 0.043359375 0.050390625
0 0.782421875 0.6822265625 0.02109375 0.030078125
0 0.734765625 0.6759765625 0.04140625 0.051953125
0 0.6859375 0.6650390625 0.0390625 0.053515625
0 0.6384765625 0.6521484375 0.043359375 0.054296875
0 0.6369140625 0.7560546875 0.034765625 0.034765625
0 0.806640625 0.741015625 0.04921875 0.046875
0 0.686328125 0.7876953125 0.046875 0.055859375
0 0.7962890625 0.7927734375 0.046484375 0.039453125
0 0.8923828125 0.8705078125 0.041796875 0.041796875
0 0.878515625 0.922265625 0.046875 0.04375
0 0.7583984375 0.9408203125 0.046484375 0.041015625
0 0.5337890625 0.7298828125 0.027734375 0.025390625
0 0.5921875 0.900390625 0.0171875 0.02109375
0 0.975 0.5357421875 0.02578125 0.026953125
0 0.9619140625 0.57421875 0.026953125 0.0203125
