0 0.5275390625 0.062109375 0.048046875 0.046875
0 0.43203125 0.1150390625 0.04453125 0.051171875
0 0.38359375 0.1423828125 0.04609375 0.049609375
0 0.20078125 0.3166015625 0.05625 0.047265625
0 0.188671875 0.4005859375 0.046875 0.047265625
0 0.23984375 0.3708984375 0.04609375 0.051953125
0 0.28671875 0.3380859375 0.04609375 0.046484375
0 0.35234375 0.3033203125 0.04609375 0.045703125
0 0.4037109375 0.2740234375 0.044140625 0.047265625
0 0.455078125 0.243359375 0.04921875 0.05546875
0 0.508203125 0.2142578125 0.04375 0.055859375
0 0.5591796875 0.1826171875 0.049609375 0.058984375
0 0.4650390625 0.412890625 0.062890625 0.0453125
0 0.492578125 0.4634765625 0.0578125 0.045703125
0 0.5193359375 0.516015625 0.060546875 0.04453125
0 0.555078125 0.5744140625 0.06328125 0.052734375
0 0.585546875 0.6251953125 0.0609375 0.049609375
0 0.6693359375 0.6318359375 0.047265625 0.058203125
0 0.6435546875 0.719921875 0.055859375 0.046875
0 0.676171875 0.784375 0.05625 0.04765625
0 0.6951171875 0.8595703125 0.048046875 0.044921875
0 0.7287109375 0.9134765625 0.055859375 0.046484375
0 0.8908203125 0.8236328125 0.041015625 0.049609375
0 0.944921875 0.7958984375 0.03515625 0.043359375
0 0.8498046875 0.5990234375 0.058203125 0.048828125
0 0.690625 0.485546875 0.03828125 0.02734375
0 0.748046875 0.4490234375 0.02890625 0.026953125
