0 0.6419921875 0.3537109375 0.035546875 0.025390625
0 0.573828125 0.3787109375 0.028125 0.022265625
0 0.4501953125 0.4294921875 0.033203125 0.023046875
0 0.3591796875 0.4677734375 0.041015625 0.023046875
0 0.298046875 0.4900390625 0.03125 0.022265625
0 0.2595703125 0.5240234375 0.023046875 0.024609375
0 0.3072265625 0.659765625 0.028515625 0.034375
0 0.4162109375 0.6369140625 0.019140625 0.019921875
0 0.57421875 0.5708984375 0.0234375 0.021484375
0 0.774609375 0.5185546875 0.03046875 0.019921875
0 0.787109375 0.545703125 0.03359375 0.01953125
0 0.88046875 0.5205078125 0.02578125 0.021484375
0 0.892578125 0.5486328125 0.0296875 0.019921875
0 0.81015625 0.6009765625 0.03125 0.019921875
0 0.76328125 0.6501953125 0.02421875 0.023828125
0 0.73359375 0.6556640625 0.02109375 0.022265625
0 0.70703125 0.6734375 0.01640625 0.02578125
0 0.69375 0.698046875 0.02265625 0.01953125
0 0.65703125 0.6923828125 0.0265625 0.018359375
0 0.6439453125 0.721484375 0.027734375 0.021875
0 0.6033203125 0.7123046875 0.023046875 0.020703125
0 0.5865234375 0.7431640625 0.025390625 0.020703125
0 0.665234375 0.2005859375 0.028125 0.025390625
0 0.7466796875 0.29140625 0.019140625 0.02734375
0 0.5021484375 0.409375 0.030078125 0.02265625
0 0.4814453125 0.7857421875 0.020703125 0.025390625
0 0.665625 0.2 0.0296875 0.02421875
0 0.7451171875 0.2923828125 0.023046875 0.026953125
0 0.64140625 0.3521484375 0.028125 0.023046875
0 0.5751953125 0.378125 0.027734375 0.0234375
0 0.50078125 0.4083984375 0.02578125 0.023046875
0 0.44765625 0.4302734375 0.03046875 0.023046875
0 0.36171875 0.4638671875 0.02890625 0.023828125
0 0.295703125 0.491015625 0.028125 0.02265625
0 0.2615234375 0.52578125 0.023828125 0.02734375
0 0.313671875 0.66328125 0.03359375 0.0375
0 0.415625 0.6376953125 0.01796875 0.025390625
0 0.480078125 0.784375 0.02265625 0.02265625
0 0.5869140625 0.741796875 0.023828125 0.02265625
0 0.601953125 0.714453125 0.02265625 0.0265625
0 0.6408203125 0.7201171875 0.023046875 0.023046875
0 0.6552734375 0.6919921875 0.023046875 0.024609375
0 0.6939453125 0.698828125 0.023828125 0.02265625
0 0.708203125 0.671875 0.021875 0.0265625
0 0.73359375 0.655078125 0.02265625 0.02734375
0 0.761328125 0.6509765625 0.02265625 0.027734375
0 0.8076171875 0.6013671875 0.027734375 0.023046875
0 0.7859375 0.546875 0.02734375 0.021875
0 0.7748046875 0.5203125 0.028515625 0.02265625
0 0.8814453125 0.520703125 0.025390625 0.021875
0 0.891796875 0.548828125 0.02578125 0.021875
0 0.5728515625 0.5728515625 0.021484375 0.026171875
