0 0.0556640625 0.6373046875 0.037109375 0.044921875
0 0.9396484375 0.317578125 0.065234375 0.07578125
0 0.6337890625 0.44375 0.032421875 0.03671875
0 0.5421875 0.4640625 0.05546875 0.059375
0 0.390234375 0.523046875 0.06484375 0.065625
0 0.29296875 0.5654296875 0.07890625 0.075390625
0 0.2103515625 0.5962890625 0.062890625 0.073046875
0 0.12734375 0.6240234375 0.071875 0.078515625
0 0.9576171875 0.5052734375 0.036328125 0.042578125
0 0.9103515625 0.528515625 0.035546875 0.046875
0 0.852734375 0.5466796875 0.05 0.057421875
0 0.7556640625 0.5818359375 0.044921875 0.058203125
0 0.694921875 0.58671875 0.0421875 0.04609375
0 0.6525390625 0.6162109375 0.036328125 0.037109375
0 0.49296875 0.6857421875 0.03515625 0.037890625
0 0.403515625 0.716796875 0.0625 0.06484375
0 0.330859375 0.75 0.0625 0.0671875
0 0.246484375 0.7734375 0.034375 0.04609375
0 0.19921875 0.794921875 0.0375 0.0453125
0 0.1453125 0.8177734375 0.03515625 0.046484375
0 0.941796875 0.60390625 0.028125 0.03671875
0 0.883984375 0.6265625 0.03515625 0.03671875
0 0.84140625 0.652734375 0.03359375 0.03828125
0 0.7916015625 0.6634765625 0.033203125 0.044140625
0 0.7349609375 0.68359375 0.033984375 0.03984375
0 0.690625 0.7099609375 0.02578125 0.033203125
0 0.9837890625 0.698046875 0.031640625 0.040625
0 0.3677734375 0.9255859375 0.080859375 0.080078125
