0 0.4771484375 0.087890625 0.044140625 0.05
0 0.3396484375 0.0609375 0.048046875 0.0390625
0 0.5052734375 0.144921875 0.069921875 0.0515625
0 0.5046875 0.210546875 0.0515625 0.0625
0 0.4537109375 0.2427734375 0.048046875 0.055859375
0 0.4015625 0.273046875 0.0421875 0.05234375
0 0.35 0.302734375 0.04375 0.05078125
0 0.2380859375 0.3716796875 0.045703125 0.048828125
0 0.190625 0.4052734375 0.03828125 0.041015625
0 0.4900390625 0.464453125 0.054296875 0.0515625
0 0.5234375 0.5173828125 0.0578125 0.051953125
0 0.6271484375 0.43046875 0.059765625 0.04921875
0 0.8669921875 0.320703125 0.026171875 0.03203125
0 0.6466796875 0.5708984375 0.043359375 0.050390625
0 0.771875 0.6490234375 0.0578125 0.042578125
0 0.84921875 0.601171875 0.06328125 0.053125
0 0.9482421875 0.6939453125 0.049609375 0.062890625
0 0.9462890625 0.7953125 0.036328125 0.04609375
0 0.8912109375 0.8234375 0.044140625 0.046875
0 0.6958984375 0.8619140625 0.051171875 0.050390625
0 0.73515625 0.9123046875 0.03046875 0.023828125
0 0.6408203125 0.7232421875 0.047265625 0.048828125
0 0.6126953125 0.676171875 0.055859375 0.0515625
0 0.5830078125 0.6283203125 0.055859375 0.047265625
0 0.803515625 0.6994140625 0.059375 0.041015625
