0 0.2693359375 0.1462890625 0.050390625 0.042578125
0 0.3720703125 0.21484375 0.047265625 0.04140625
0 0.3638671875 0.265625 0.051953125 0.04375
0 0.2876953125 0.310546875 0.044140625 0.05
0 0.342578125 0.3677734375 0.0265625 0.022265625
0 0.97578125 0.5365234375 0.02421875 0.023828125
0 0.2140625 0.537890625 0.02421875 0.02578125
0 0.2537109375 0.54609375 0.022265625 0.02734375
0 0.2818359375 0.605859375 0.025390625 0.0234375
0 0.2658203125 0.6513671875 0.048828125 0.044140625
0 0.1126953125 0.751171875 0.051953125 0.05390625
0 0.258203125 0.703515625 0.02578125 0.0265625
0 0.227734375 0.8009765625 0.05078125 0.045703125
0 0.38671875 0.6349609375 0.03984375 0.040234375
0 0.3634765625 0.734765625 0.048828125 0.04609375
0 0.3517578125 0.78515625 0.049609375 0.04375
0 0.3390625 0.8341796875 0.04375 0.042578125
0 0.483984375 0.6048828125 0.02421875 0.029296875
0 0.5328125 0.6166015625 0.021875 0.024609375
0 0.5759765625 0.6349609375 0.025390625 0.030078125
0 0.6869140625 0.6603515625 0.040234375 0.041796875
0 0.7806640625 0.6880859375 0.023828125 0.027734375
0 0.5068359375 0.821875 0.051171875 0.0453125
0 0.6357421875 0.7578125 0.033203125 0.03359375
0 0.9189453125 0.77109375 0.044921875 0.04140625
0 0.9017578125 0.821484375 0.026953125 0.025
0 0.9494140625 0.8990234375 0.041796875 0.049609375
0 0.780078125 0.83984375 0.05234375 0.04296875
0 0.7689453125 0.8892578125 0.053515625 0.041796875
0 0.7568359375 0.9388671875 0.054296875 0.045703125
0 0.6123046875 0.8515625 0.039453125 0.0421875
0 0.861328125 0.9689453125 0.0234375 0.025390625
