0 0.7021484375 0.9248046875 0.042578125 0.048046875
0 0.8029296875 0.8083984375 0.031640625 0.024609375
0 0.6865234375 0.8474609375 0.043359375 0.037109375
0 0.649609375 0.804296875 0.04375 0.03671875
0 0.7064453125 0.687109375 0.041796875 0.03984375
0 0.684765625 0.6439453125 0.02734375 0.023046875
0 0.6169921875 0.7666015625 0.025390625 0.023828125
0 0.7064453125 0.4861328125 0.023046875 0.027734375
0 0.7490234375 0.36171875 0.023828125 0.03046875
0 0.7779296875 0.3763671875 0.026171875 0.028515625
0 0.9130859375 0.255859375 0.024609375 0.02890625
0 0.9345703125 0.14765625 0.023828125 0.03046875
0 0.8931640625 0.1392578125 0.026171875 0.029296875
0 0.85390625 0.126171875 0.02734375 0.0296875
0 0.9041015625 0.03046875 0.024609375 0.0296875
0 0.932421875 0.03984375 0.02578125 0.02890625
0 0.9607421875 0.04609375 0.025390625 0.03046875
0 0.5919921875 0.719140625 0.023046875 0.0328125
0 0.5048828125 0.89453125 0.026953125 0.0234375
0 0.5296875 0.9296875 0.0296875 0.02421875
0 0.5578125 0.961328125 0.0265625 0.02421875
0 0.58359375 0.9908203125 0.0265625 0.017578125
0 0.1810546875 0.9619140625 0.019921875 0.024609375
0 0.21015625 0.975 0.0171875 0.021875
0 0.2248046875 0.858203125 0.015234375 0.0203125
0 0.2056640625 0.8677734375 0.014453125 0.021484375
0 0.1470703125 0.89453125 0.013671875 0.0203125
0 0.1279296875 0.9046875 0.013671875 0.021875
0 0.133984375 0.820703125 0.02265625 0.0265625
0 0.096484375 0.825390625 0.025 0.03046875
0 0.0689453125 0.838671875 0.023828125 0.02578125
0 0.03671875 0.85 0.0234375 0.0296875
0 0.009375 0.8451171875 0.01875 0.023046875
0 0.096875 0.693359375 0.040625 0.0421875
0 0.1443359375 0.6689453125 0.023828125 0.025390625
0 0.191015625 0.656640625 0.02265625 0.0296875
0 0.237890625 0.6365234375 0.02421875 0.033984375
0 0.06875 0.5779296875 0.025 0.028515625
0 0.18125 0.5255859375 0.02265625 0.026953125
0 0.221484375 0.5091796875 0.02109375 0.026953125
0 0.165625 0.36953125 0.0265625 0.03125
0 0.1982421875 0.2439453125 0.025390625 0.027734375
0 0.14375 0.242578125 0.0265625 0.0296875
0 0.23203125 0.0865234375 0.02734375 0.028515625
0 0.2044921875 0.078125 0.024609375 0.02890625
0 0.1708984375 0.069921875 0.023046875 0.02734375
0 0.1322265625 0.0458984375 0.029296875 0.023046875
