0 0.41171875 0.1201171875 0.06015625 0.052734375
0 0.3533203125 0.1580078125 0.021484375 0.019140625
0 0.91640625 0.162109375 0.0546875 0.05
0 0.6271484375 0.3681640625 0.027734375 0.032421875
0 0.4044921875 0.2890625 0.041796875 0.05
0 0.2380859375 0.2220703125 0.047265625 0.058984375
0 0.137890625 0.1912109375 0.03046875 0.037109375
0 0.195703125 0.236328125 0.03125 0.04765625
0 0.1853515625 0.301953125 0.040234375 0.03203125
0 0.23046875 0.3310546875 0.03046875 0.038671875
0 0.2732421875 0.3513671875 0.031640625 0.037109375
0 0.30390625 0.2482421875 0.0265625 0.021484375
0 0.2775390625 0.23046875 0.019140625 0.02265625
0 0.3484375 0.2681640625 0.03046875 0.041796875
0 0.4517578125 0.2724609375 0.022265625 0.026953125
0 0.4943359375 0.298046875 0.017578125 0.0203125
0 0.490234375 0.3216796875 0.0234375 0.020703125
0 0.4744140625 0.34765625 0.019140625 0.01953125
0 0.6708984375 0.3876953125 0.030859375 0.031640625
0 0.7083984375 0.4052734375 0.038671875 0.026953125
0 0.5779296875 0.4744140625 0.027734375 0.030859375
0 0.70703125 0.4443359375 0.0359375 0.029296875
0 0.6875 0.4763671875 0.03125 0.027734375
0 0.673046875 0.5134765625 0.03359375 0.026953125
0 0.340234375 0.5544921875 0.028125 0.030859375
0 0.3140625 0.581640625 0.02578125 0.03203125
0 0.2658203125 0.57734375 0.048828125 0.05234375
0 0.212109375 0.5453125 0.0515625 0.065625
0 0.1068359375 0.49140625 0.047265625 0.0578125
0 0.0525390625 0.464453125 0.050390625 0.059375
0 0.09921875 0.609375 0.04453125 0.04765625
0 0.1537109375 0.63984375 0.041796875 0.0546875
0 0.03359375 0.6521484375 0.03515625 0.026171875
0 0.8349609375 0.4873046875 0.024609375 0.034765625
0 0.8751953125 0.499609375 0.029296875 0.034375
0 0.9033203125 0.5259765625 0.033203125 0.032421875
0 0.9185546875 0.5634765625 0.032421875 0.026953125
0 0.93828125 0.5962890625 0.034375 0.031640625
0 0.9541015625 0.6890625 0.026953125 0.0328125
0 0.9017578125 0.7013671875 0.028515625 0.031640625
0 0.877734375 0.7443359375 0.034375 0.027734375
0 0.865234375 0.6892578125 0.028125 0.030859375
0 0.7294921875 0.7583984375 0.028515625 0.032421875
0 0.7666015625 0.776953125 0.029296875 0.03046875
0 0.803125 0.7947265625 0.03203125 0.033984375
0 0.8228515625 0.8763671875 0.021484375 0.024609375
0 0.790625 0.9029296875 0.025 0.029296875
0 0.7560546875 0.8890625 0.026953125 0.03125
0 0.72265625 0.8689453125 0.03359375 0.042578125
0 0.7240234375 0.987890625 0.031640625 0.02109375
0 0.6927734375 0.9818359375 0.023046875 0.032421875
0 0.4234375 0.927734375 0.0515625 0.05546875
0 0.3642578125 0.97890625 0.058203125 0.03984375
0 0.2412109375 0.9853515625 0.033203125 0.025390625
0 0.01171875 0.43359375 0.0234375 0.05625
0 0.0091796875 0.550390625 0.017578125 0.05625
0 0.087109375 0.97890625 0.0640625 0.03828125
