0 0.1283203125 0.173828125 0.065234375 0.06796875
0 0.0400390625 0.1759765625 0.073046875 0.065234375
0 0.673828125 0.151171875 0.078125 0.0609375
0 0.4416015625 0.160546875 0.073046875 0.0609375
0 0.15 0.2525390625 0.08203125 0.071484375
0 0.1357421875 0.339453125 0.082421875 0.075
0 0.39140625 0.227734375 0.0703125 0.06484375
0 0.346484375 0.2923828125 0.065625 0.058203125
0 0.314453125 0.3630859375 0.0671875 0.062890625
0 0.2861328125 0.4361328125 0.069140625 0.062890625
0 0.24375 0.49375 0.06953125 0.06171875
0 0.625 0.2095703125 0.06953125 0.058203125
0 0.587109375 0.2818359375 0.07890625 0.063671875
0 0.7607421875 0.35546875 0.067578125 0.06796875
0 0.489453125 0.4296875 0.06953125 0.0578125
0 0.4421875 0.4888671875 0.06484375 0.053515625
0 0.3572265625 0.5853515625 0.065234375 0.055859375
0 0.5056640625 0.57265625 0.038671875 0.04296875
0 0.9037109375 0.6083984375 0.069921875 0.073828125
0 0.7283203125 0.5978515625 0.066796875 0.070703125
0 0.6552734375 0.5955078125 0.069921875 0.069921875
0 0.5828125 0.6376953125 0.0671875 0.075390625
0 0.3701171875 0.701953125 0.067578125 0.07109375
0 0.90625 0.751953125 0.040625 0.04140625
0 0.8591796875 0.7517578125 0.036328125 0.045703125
0 0.812890625 0.7431640625 0.0375 0.035546875
0 0.76640625 0.7416015625 0.0390625 0.035546875
0 0.7193359375 0.73828125 0.037890625 0.040625
0 0.8072265625 0.8623046875 0.042578125 0.052734375
0 0.713671875 0.8609375 0.04296875 0.04921875
0 0.84296875 0.9689453125 0.0390625 0.040234375
0 0.794921875 0.970703125 0.03828125 0.04296875
0 0.659375 0.96484375 0.040625 0.04140625
0 0.60234375 0.9630859375 0.03828125 0.037890625
0 0.480859375 0.85625 0.0515625 0.059375
0 0.4201171875 0.8587890625 0.040234375 0.045703125
0 0.3619140625 0.85859375 0.051953125 0.06328125
