0 0.3869140625 0.0896484375 0.033984375 0.021484375
0 0.390234375 0.119140625 0.0296875 0.02265625
0 0.37265625 0.1423828125 0.02890625 0.023046875
0 0.378515625 0.1712890625 0.02734375 0.022265625
0 0.37890625 0.1966796875 0.01171875 0.011328125
0 0.3505859375 0.27265625 0.026171875 0.0234375
0 0.3392578125 0.3345703125 0.021484375 0.018359375
0 0.39140625 0.3673828125 0.0203125 0.020703125
0 0.450390625 0.375390625 0.0484375 0.0421875
0 0.498046875 0.1865234375 0.0421875 0.044140625
0 0.5326171875 0.10078125 0.028515625 0.02890625
0 0.5716796875 0.2263671875 0.023046875 0.027734375
0 0.6037109375 0.3947265625 0.044921875 0.044921875
0 0.6013671875 0.5474609375 0.030078125 0.024609375
0 0.680078125 0.6275390625 0.03515625 0.042578125
0 0.52578125 0.694140625 0.02578125 0.0296875
0 0.422265625 0.475 0.04921875 0.04140625
0 0.308984375 0.419140625 0.0296875 0.025
0 0.278125 0.537109375 0.02578125 0.02578125
0 0.337109375 0.6369140625 0.02734375 0.026171875
0 0.0064453125 0.6703125 0.012890625 0.028125
0 0.2966796875 0.975390625 0.055859375 0.05078125
0 0.0857421875 0.6861328125 0.024609375 0.022265625
0 0.1072265625 0.741796875 0.052734375 0.0484375
0 0.060546875 0.943359375 0.05078125 0.04453125
0 0.0333984375 0.84296875 0.044140625 0.04296875
0 0.18359375 0.9212890625 0.05703125 0.041015625
0 0.1986328125 0.871875 0.048828125 0.04375
0 0.2068359375 0.8224609375 0.046484375 0.038671875
0 0.22421875 0.7724609375 0.04609375 0.037890625
0 0.27265625 0.733203125 0.0265625 0.0234375
0 0.3529296875 0.7552734375 0.041796875 0.043359375
0 0.5080078125 0.764453125 0.034765625 0.03828125
0 0.5189453125 0.4326171875 0.041796875 0.046484375
