0 0.7673828125 0.863671875 0.028515625 0.03125
0 0.8087890625 0.848046875 0.029296875 0.0265625
0 0.851953125 0.7724609375 0.03046875 0.029296875
0 0.727734375 0.79765625 0.0265625 0.02734375
0 0.6794921875 0.6990234375 0.030078125 0.029296875
0 0.7875 0.6458984375 0.02734375 0.026953125
0 0.8216796875 0.70390625 0.031640625 0.0296875
0 0.6169921875 0.574609375 0.025390625 0.0265625
0 0.5125 0.5900390625 0.02734375 0.026953125
0 0.2740234375 0.5892578125 0.036328125 0.026953125
0 0.2689453125 0.5576171875 0.032421875 0.027734375
0 0.2685546875 0.523046875 0.026953125 0.03046875
0 0.292578125 0.494140625 0.0265625 0.0375
0 0.37265625 0.4876953125 0.03671875 0.026953125
0 0.3642578125 0.4505859375 0.040234375 0.025390625
0 0.3638671875 0.381640625 0.026953125 0.02734375
