0 0.013671875 0.279296875 0.02734375 0.02578125
0 0.016015625 0.315625 0.03203125 0.0296875
0 0.013671875 0.49140625 0.02734375 0.02890625
0 0.0138671875 0.54375 0.027734375 0.02734375
0 0.0140625 0.6162109375 0.028125 0.027734375
0 0.0140625 0.721875 0.028125 0.02890625
0 0.0119140625 0.651953125 0.023828125 0.028125
0 0.014453125 0.7935546875 0.028125 0.029296875
0 0.0615234375 0.2494140625 0.038671875 0.026171875
0 0.163671875 0.2537109375 0.0359375 0.026953125
0 0.252734375 0.280859375 0.0359375 0.02578125
0 0.34765625 0.27578125 0.028125 0.021875
0 0.251171875 0.3771484375 0.034375 0.023046875
0 0.249609375 0.437890625 0.0375 0.02578125
0 0.159375 0.4451171875 0.0359375 0.029296875
0 0.1587890625 0.5626953125 0.039453125 0.029296875
0 0.1615234375 0.5947265625 0.036328125 0.030859375
0 0.16171875 0.629296875 0.03671875 0.02890625
0 0.4056640625 0.4498046875 0.028515625 0.019140625
0 0.39765625 0.302734375 0.03046875 0.02109375
0 0.3984375 0.3271484375 0.02578125 0.019140625
0 0.3978515625 0.3513671875 0.025390625 0.019921875
0 0.4287109375 0.2498046875 0.019140625 0.024609375
0 0.4869140625 0.267578125 0.024609375 0.021875
0 0.48359375 0.3140625 0.0234375 0.02265625
0 0.48359375 0.3580078125 0.0234375 0.019921875
0 0.534375 0.387109375 0.03125 0.0375
0 0.4896484375 0.5185546875 0.031640625 0.021484375
0 0.4845703125 0.5470703125 0.030859375 0.023046875
0 0.4892578125 0.58046875 0.030859375 0.02265625
0 0.402734375 0.603125 0.02734375 0.01875
0 0.5888671875 0.55078125 0.019921875 0.0296875
0 0.6572265625 0.5736328125 0.045703125 0.041015625
0 0.6607421875 0.3208984375 0.035546875 0.028515625
0 0.6556640625 0.2712890625 0.048828125 0.045703125
0 0.7466796875 0.3201171875 0.039453125 0.029296875
0 0.63984375 0.166796875 0.02265625 0.02109375
0 0.8666015625 0.2724609375 0.014453125 0.018359375
0 0.83359375 0.4771484375 0.034375 0.041796875
0 0.880078125 0.4728515625 0.03046875 0.042578125
0 0.2462890625 0.6625 0.038671875 0.0296875
0 0.1619140625 0.66015625 0.039453125 0.02890625
0 0.1529296875 0.6939453125 0.037109375 0.030078125
0 0.1642578125 0.760546875 0.041015625 0.03359375
0 0.1677734375 0.7966796875 0.037109375 0.030078125
0 0.348046875 0.74296875 0.02265625 0.0328125
0 0.401171875 0.6662109375 0.02734375 0.021484375
0 0.4849609375 0.6779296875 0.035546875 0.026171875
0 0.4984375 0.7373046875 0.0328125 0.029296875
0 0.167578125 0.912109375 0.02578125 0.03125
0 0.3857421875 0.9376953125 0.030859375 0.025390625
0 0.7572265625 0.7705078125 0.035546875 0.030859375
0 0.7494140625 0.7248046875 0.031640625 0.027734375
