0 0.08515625 0.0982421875 0.02421875 0.030078125
0 0.2146484375 0.183984375 0.044140625 0.05234375
0 0.3146484375 0.2203125 0.016796875 0.01640625
0 0.3359375 0.2375 0.01796875 0.0234375
0 0.3017578125 0.237890625 0.018359375 0.01875
0 0.3802734375 0.276171875 0.023046875 0.0296875
0 0.411328125 0.2833984375 0.01484375 0.016796875
0 0.4318359375 0.29375 0.014453125 0.0171875
0 0.4203125 0.309765625 0.0203125 0.01953125
0 0.4892578125 0.3318359375 0.017578125 0.019921875
0 0.6296875 0.2896484375 0.0265625 0.024609375
0 0.6716796875 0.4609375 0.026171875 0.028125
0 0.9861328125 0.2984375 0.029296875 0.04375
0 0.9591796875 0.348828125 0.043359375 0.0546875
0 0.908203125 0.4205078125 0.0515625 0.053515625
0 0.9552734375 0.6419921875 0.051953125 0.055859375
0 0.9361328125 0.5947265625 0.053515625 0.051953125
0 0.175 0.8560546875 0.03203125 0.029296875
0 0.9904296875 0.6390625 0.026171875 0.04765625
0 0.5203125 0.3541015625 0.0125 0.014453125
0 0.503515625 0.367578125 0.0125 0.01171875
0 0.415234375 0.326953125 0.0109375 0.01171875
0 0.3984375 0.30234375 0.01328125 0.01796875
