0 0.9513671875 0.02734375 0.033203125 0.02265625
0 0.94609375 0.062109375 0.03125 0.0265625
0 0.8427734375 0.070703125 0.031640625 0.0328125
0 0.665625 0.1203125 0.0546875 0.05234375
0 0.73984375 0.1544921875 0.06640625 0.072265625
0 0.5755859375 0.2228515625 0.055078125 0.055078125
0 0.881640625 0.32109375 0.034375 0.03203125
0 0.881640625 0.420703125 0.0640625 0.0640625
0 0.8212890625 0.4525390625 0.054296875 0.063671875
0 0.7828125 0.485546875 0.034375 0.034375
0 0.883203125 0.5673828125 0.06171875 0.054296875
0 0.31328125 0.3037109375 0.0375 0.031640625
0 0.10078125 0.4240234375 0.0359375 0.026171875
0 0.5275390625 0.415625 0.068359375 0.06796875
0 0.55390625 0.47890625 0.0640625 0.06015625
0 0.744921875 0.7673828125 0.06015625 0.054296875
0 0.576953125 0.590234375 0.0453125 0.03671875
0 0.4591796875 0.637109375 0.052734375 0.046875
0 0.2515625 0.6775390625 0.05 0.037890625
0 0.1181640625 0.7048828125 0.060546875 0.050390625
0 0.2732421875 0.7990234375 0.059765625 0.051171875
0 0.5865234375 0.84296875 0.035546875 0.03125
0 0.587890625 0.8716796875 0.0421875 0.024609375
0 0.5892578125 0.8978515625 0.031640625 0.026171875
0 0.597265625 0.947265625 0.03671875 0.02578125
0 0.5955078125 0.9701171875 0.042578125 0.026171875
0 0.507421875 0.907421875 0.0390625 0.02578125
0 0.511328125 0.9333984375 0.03828125 0.026171875
0 0.4681640625 0.7001953125 0.057421875 0.048046875
0 0.4744140625 0.7541015625 0.055078125 0.048046875
0 0.00625 0.4103515625 0.0125 0.022265625
