0 0.6216796875 0.2943359375 0.034765625 0.040234375
0 0.801171875 0.57734375 0.08359375 0.084375
0 0.9232421875 0.59453125 0.061328125 0.0578125
0 0.949609375 0.444140625 0.06953125 0.08125
0 0.4626953125 0.637109375 0.078515625 0.06640625
0 0.4333984375 0.7181640625 0.087109375 0.072265625
0 0.387109375 0.7515625 0.03125 0.0421875
0 0.271484375 0.7751953125 0.0765625 0.066796875
0 0.2046875 0.683203125 0.05625 0.07109375
0 0.138671875 0.650390625 0.065625 0.05546875
0 0.1650390625 0.5845703125 0.041015625 0.037890625
0 0.2126953125 0.4794921875 0.043359375 0.037890625
0 0.3517578125 0.4337890625 0.031640625 0.037890625
0 0.37265625 0.5126953125 0.04140625 0.033203125
0 0.6265625 0.4673828125 0.04296875 0.057421875
0 0.0740234375 0.5482421875 0.034765625 0.028515625
0 0.0640625 0.8294921875 0.06875 0.063671875
0 0.632421875 0.6310546875 0.0625 0.066015625
0 0.695703125 0.6359375 0.03125 0.03984375
0 0.3076171875 0.646875 0.040234375 0.0359375
0 0.32890625 0.5818359375 0.0671875 0.059765625
