0 0.8376953125 0.2654296875 0.032421875 0.042578125
0 0.9541015625 0.1744140625 0.027734375 0.043359375
0 0.798828125 0.0962890625 0.02734375 0.024609375
0 0.760546875 0.0736328125 0.02421875 0.020703125
0 0.7296875 0.055078125 0.0265625 0.028125
0 0.791015625 0.1994140625 0.0171875 0.023828125
0 0.8203125 0.18046875 0.02265625 0.028125
0 0.8396484375 0.1474609375 0.026953125 0.025390625
0 0.6892578125 0.153125 0.037890625 0.04609375
0 0.7607421875 0.1939453125 0.016796875 0.028515625
0 0.3708984375 0.282421875 0.054296875 0.04296875
0 0.33984375 0.3359375 0.06171875 0.0515625
0 0.3115234375 0.38671875 0.062890625 0.0453125
0 0.8966796875 0.8943359375 0.028515625 0.038671875
0 0.7611328125 0.9376953125 0.040234375 0.039453125
0 0.1677734375 0.4482421875 0.030078125 0.024609375
0 0.204296875 0.475390625 0.03203125 0.03046875
0 0.2849609375 0.447265625 0.060546875 0.04765625
0 0.2072265625 0.3349609375 0.058984375 0.049609375
0 0.2400390625 0.286328125 0.033984375 0.02578125
0 0.258984375 0.237890625 0.028125 0.02578125
0 0.08984375 0.2865234375 0.059375 0.050390625
