0 0.217578125 0.3421875 0.034375 0.02890625
0 0.2259765625 0.372265625 0.023828125 0.0203125
0 0.283203125 0.4626953125 0.0265625 0.026171875
0 0.2837890625 0.5302734375 0.022265625 0.025390625
0 0.235546875 0.5802734375 0.025 0.023046875
0 0.2265625 0.6736328125 0.03359375 0.026953125
0 0.2294921875 0.71015625 0.030859375 0.0265625
0 0.2353515625 0.7447265625 0.034765625 0.028515625
0 0.234765625 0.782421875 0.03515625 0.0296875
0 0.232421875 0.8185546875 0.040625 0.030078125
0 0.2259765625 0.862890625 0.040234375 0.03203125
0 0.3822265625 0.3556640625 0.036328125 0.029296875
0 0.3859375 0.421875 0.03671875 0.03125
0 0.382421875 0.457421875 0.0390625 0.03515625
0 0.3796875 0.4923828125 0.0390625 0.035546875
0 0.383984375 0.6357421875 0.03828125 0.027734375
0 0.383984375 0.6767578125 0.03671875 0.030859375
0 0.3876953125 0.721875 0.027734375 0.0296875
0 0.3880859375 0.7673828125 0.037890625 0.033203125
0 0.384765625 0.853125 0.040625 0.03359375
0 0.5138671875 0.387890625 0.030859375 0.03125
0 0.465625 0.409375 0.03828125 0.034375
0 0.4685546875 0.526171875 0.035546875 0.02734375
0 0.4681640625 0.569921875 0.044140625 0.03515625
0 0.467578125 0.7439453125 0.0375 0.031640625
0 0.470703125 0.8158203125 0.0359375 0.028515625
0 0.471875 0.853125 0.0328125 0.028125
0 0.4705078125 0.8875 0.035546875 0.028125
0 0.7087890625 0.3451171875 0.035546875 0.026171875
0 0.78046875 0.28359375 0.03203125 0.02734375
0 0.6203125 0.3796875 0.0375 0.0265625
0 0.7080078125 0.3794921875 0.037890625 0.027734375
0 0.709765625 0.4162109375 0.03203125 0.027734375
0 0.709765625 0.5244140625 0.0390625 0.025390625
0 0.6171875 0.5548828125 0.02890625 0.027734375
0 0.6201171875 0.5896484375 0.033984375 0.026171875
0 0.711328125 0.5603515625 0.03515625 0.025390625
0 0.712890625 0.5912109375 0.03515625 0.026953125
0 0.7091796875 0.642578125 0.029296875 0.03046875
0 0.7056640625 0.6791015625 0.034765625 0.024609375
0 0.7056640625 0.7146484375 0.037890625 0.025390625
0 0.70234375 0.7513671875 0.0359375 0.026171875
0 0.7072265625 0.822265625 0.035546875 0.028125
0 0.7091796875 0.8595703125 0.036328125 0.028515625
0 0.622265625 0.715234375 0.03828125 0.025
0 0.620703125 0.7525390625 0.0375 0.026953125
0 0.6216796875 0.7873046875 0.041015625 0.025390625
0 0.6216796875 0.858984375 0.039453125 0.0265625
0 0.9435546875 0.3486328125 0.029296875 0.024609375
0 0.9546875 0.4111328125 0.03125 0.024609375
0 0.8578125 0.4162109375 0.03359375 0.023828125
0 0.9498046875 0.4763671875 0.029296875 0.024609375
0 0.8572265625 0.5146484375 0.033203125 0.022265625
0 0.858984375 0.5451171875 0.03515625 0.020703125
0 0.95234375 0.5373046875 0.034375 0.023046875
0 0.9537109375 0.56875 0.031640625 0.02109375
0 0.948828125 0.627734375 0.03125 0.0328125
0 0.946875 0.7609375 0.03125 0.028125
0 0.9474609375 0.79453125 0.029296875 0.021875
0 0.859375 0.79296875 0.02734375 0.0296875
0 0.8107421875 0.8654296875 0.022265625 0.038671875
0 0.9353515625 0.8912109375 0.025390625 0.029296875
0 0.4974609375 0.2064453125 0.028515625 0.026171875
0 0.850390625 0.0833984375 0.02265625 0.018359375
