0 0.0880859375 0.285546875 0.062109375 0.05703125
0 0.22734375 0.27890625 0.03203125 0.03046875
0 0.204296875 0.3345703125 0.05859375 0.051953125
0 0.1806640625 0.3884765625 0.051171875 0.050390625
0 0.1716796875 0.4421875 0.031640625 0.0296875
0 0.280859375 0.4466796875 0.0609375 0.051171875
0 0.3390625 0.3345703125 0.06015625 0.048046875
0 0.3654296875 0.2818359375 0.058984375 0.048046875
0 0.4064453125 0.246484375 0.029296875 0.0375
0 0.4240234375 0.3416015625 0.049609375 0.066796875
0 0.5150390625 0.330859375 0.029296875 0.03046875
0 0.4970703125 0.409765625 0.023046875 0.02890625
0 0.5298828125 0.4234375 0.028515625 0.02578125
0 0.43125 0.4708984375 0.0296875 0.026171875
0 0.6802734375 0.5517578125 0.031640625 0.038671875
0 0.8056640625 0.87890625 0.048046875 0.04375
0 0.9037109375 0.88125 0.037109375 0.0484375
0 0.7103515625 0.9689453125 0.025390625 0.030859375
0 0.834765625 0.2607421875 0.021875 0.029296875
0 0.8744140625 0.3181640625 0.023046875 0.027734375
0 0.828125 0.405859375 0.02578125 0.02578125
0 0.72578125 0.1705078125 0.02421875 0.027734375
0 0.8361328125 0.15 0.035546875 0.03125
0 0.853125 0.075390625 0.03671875 0.03125
0 0.72734375 0.058203125 0.0234375 0.02421875
0 0.9044921875 0.008984375 0.030078125 0.01796875
0 0.5513671875 0.2720703125 0.033984375 0.027734375
