0 0.958203125 0.4412109375 0.07265625 0.084765625
0 0.8888671875 0.4025390625 0.040234375 0.047265625
0 0.744140625 0.3435546875 0.06015625 0.066015625
0 0.6880859375 0.316796875 0.041796875 0.04375
0 0.7125 0.4146484375 0.04296875 0.039453125
0 0.76171875 0.5228515625 0.06015625 0.051171875
0 0.7095703125 0.491796875 0.064453125 0.07265625
0 0.7029296875 0.6369140625 0.037109375 0.044140625
0 0.6439453125 0.6263671875 0.058203125 0.065234375
0 0.578515625 0.5923828125 0.06875 0.069921875
0 0.3609375 0.4353515625 0.03828125 0.038671875
0 0.3044921875 0.40078125 0.051171875 0.04140625
0 0.2513671875 0.4287109375 0.048828125 0.037890625
0 0.2177734375 0.476171875 0.040234375 0.03046875
0 0.371875 0.5076171875 0.0734375 0.066796875
0 0.33984375 0.58125 0.075 0.0640625
0 0.4650390625 0.6375 0.075390625 0.0671875
0 0.447265625 0.7134765625 0.07421875 0.061328125
0 0.3146484375 0.6453125 0.041015625 0.03671875
0 0.285546875 0.700390625 0.07109375 0.0671875
0 0.2818359375 0.775 0.080078125 0.06796875
0 0.248046875 0.8810546875 0.084375 0.085546875
0 0.2009765625 0.5388671875 0.069921875 0.062890625
0 0.146484375 0.6484375 0.0765625 0.06796875
0 0.0556640625 0.6044921875 0.051953125 0.038671875
0 0.03046875 0.658984375 0.04296875 0.0375
0 0.12265625 0.7001953125 0.04921875 0.037109375
0 0.102734375 0.7642578125 0.084375 0.069921875
0 0.07265625 0.8314453125 0.0765625 0.066015625
0 0.01484375 0.7056640625 0.0296875 0.063671875
