0 0.037109375 0.1740234375 0.06640625 0.071484375
0 0.125 0.1724609375 0.06484375 0.073828125
0 0.2443359375 0.218359375 0.057421875 0.05625
0 0.146484375 0.2564453125 0.071875 0.062890625
0 0.14140625 0.4298828125 0.071875 0.064453125
0 0.2486328125 0.5015625 0.055859375 0.046875
0 0.284765625 0.4392578125 0.065625 0.058984375
0 0.3140625 0.366796875 0.06171875 0.05546875
0 0.3470703125 0.2947265625 0.066015625 0.058203125
0 0.3921875 0.2296875 0.06875 0.05859375
0 0.5419921875 0.3625 0.072265625 0.06015625
0 0.614453125 0.3029296875 0.07265625 0.060546875
0 0.630078125 0.2177734375 0.071875 0.062109375
0 0.6666015625 0.1421875 0.058203125 0.05234375
0 0.7583984375 0.35546875 0.065234375 0.06484375
0 0.780078125 0.4443359375 0.0375 0.038671875
0 0.8275390625 0.4537109375 0.037109375 0.044921875
0 0.81328125 0.605859375 0.05625 0.06171875
0 0.757421875 0.603125 0.0390625 0.04296875
0 0.9025390625 0.612890625 0.066796875 0.0640625
0 0.5802734375 0.6392578125 0.058203125 0.060546875
0 0.5478515625 0.6951171875 0.033984375 0.033984375
0 0.4873046875 0.716015625 0.063671875 0.06328125
0 0.369921875 0.706640625 0.06640625 0.06328125
0 0.3544921875 0.58671875 0.056640625 0.04609375
0 0.3080078125 0.834375 0.030859375 0.0390625
0 0.3599609375 0.858203125 0.052734375 0.0609375
0 0.479296875 0.8578125 0.03671875 0.0421875
0 0.538671875 0.88671875 0.040625 0.03515625
0 0.56796875 0.93203125 0.040625 0.04140625
0 0.60390625 0.9646484375 0.02734375 0.032421875
0 0.6556640625 0.9609375 0.038671875 0.03671875
0 0.7021484375 0.9681640625 0.037109375 0.041796875
0 0.7509765625 0.9669921875 0.037890625 0.037890625
0 0.8875 0.976171875 0.0375 0.040625
0 0.8408203125 0.973046875 0.032421875 0.040625
0 0.7990234375 0.801953125 0.045703125 0.0375
0 0.748046875 0.73828125 0.03671875 0.03828125
0 0.90078125 0.8720703125 0.0328125 0.037109375
