0 0.91015625 0.84296875 0.01640625 0.02578125
0 0.9728515625 0.8033203125 0.024609375 0.026953125
0 0.8828125 0.8009765625 0.025 0.022265625
0 0.819921875 0.8818359375 0.028125 0.032421875
0 0.7587890625 0.9166015625 0.017578125 0.024609375
0 0.72578125 0.9236328125 0.01796875 0.023046875
0 0.640234375 0.92734375 0.01953125 0.02265625
0 0.90390625 0.739453125 0.02578125 0.025
0 0.9154296875 0.70625 0.032421875 0.02578125
0 0.9052734375 0.5451171875 0.023046875 0.019921875
0 0.9134765625 0.5814453125 0.027734375 0.023828125
0 0.9765625 0.4857421875 0.02578125 0.018359375
0 0.9552734375 0.4580078125 0.024609375 0.019921875
0 0.9203125 0.2947265625 0.0265625 0.028515625
0 0.9263671875 0.0490234375 0.033203125 0.024609375
0 0.93984375 0.0171875 0.03359375 0.02421875
0 0.947265625 0.080859375 0.034375 0.03046875
0 0.919921875 0.106640625 0.0359375 0.025
0 0.8986328125 0.1744140625 0.033984375 0.031640625
0 0.8568359375 0.226953125 0.029296875 0.02578125
0 0.83203125 0.2552734375 0.03203125 0.023828125
0 0.813671875 0.2833984375 0.02734375 0.030078125
0 0.78125 0.286328125 0.025 0.028125
0 0.74765625 0.29140625 0.02265625 0.03203125
0 0.7146484375 0.2919921875 0.024609375 0.025390625
0 0.6798828125 0.3154296875 0.029296875 0.032421875
0 0.6494140625 0.2947265625 0.028515625 0.029296875
0 0.413671875 0.244140625 0.02421875 0.0265625
0 0.3408203125 0.2533203125 0.051171875 0.061328125
0 0.291015625 0.2517578125 0.0234375 0.026953125
0 0.1388671875 0.1865234375 0.039453125 0.031640625
0 0.1392578125 0.1509765625 0.030078125 0.024609375
0 0.1435546875 0.1158203125 0.035546875 0.028515625
0 0.06875 0.1123046875 0.02578125 0.028515625
0 0.1412109375 0.030078125 0.037890625 0.028125
