0 0.1228515625 0.099609375 0.051953125 0.05
0 0.4529296875 0.2078125 0.062109375 0.05078125
0 0.898046875 0.161328125 0.04765625 0.040625
0 0.4982421875 0.2974609375 0.019921875 0.016796875
0 0.47578125 0.2798828125 0.01796875 0.023046875
0 0.45078125 0.2701171875 0.02109375 0.023046875
0 0.3201171875 0.21484375 0.022265625 0.01796875
0 0.280078125 0.23359375 0.0171875 0.0234375
0 0.3052734375 0.24921875 0.021484375 0.01875
0 0.238671875 0.22109375 0.05 0.05390625
0 0.196875 0.2361328125 0.03203125 0.044140625
0 0.175 0.265625 0.03359375 0.02734375
0 0.064453125 0.191796875 0.0484375 0.0546875
0 0.355078125 0.3951171875 0.03359375 0.038671875
0 0.3134765625 0.3736328125 0.030078125 0.038671875
0 0.2740234375 0.35234375 0.030859375 0.03671875
0 0.229296875 0.3349609375 0.04453125 0.048828125
0 0.0470703125 0.3427734375 0.046484375 0.048828125
0 0.3630859375 0.5275390625 0.028515625 0.029296875
0 0.3396484375 0.5552734375 0.027734375 0.032421875
0 0.315234375 0.582421875 0.02734375 0.0296875
0 0.2640625 0.5736328125 0.04765625 0.051171875
0 0.209375 0.5458984375 0.046875 0.062109375
0 0.158203125 0.5162109375 0.04765625 0.062109375
0 0.105078125 0.4904296875 0.04765625 0.056640625
0 0.05 0.465625 0.04453125 0.05546875
0 0.043359375 0.5859375 0.0484375 0.06015625
0 0.010546875 0.429296875 0.02109375 0.05390625
0 0.6640625 0.5482421875 0.03046875 0.028515625
0 0.6697265625 0.51171875 0.034765625 0.02578125
0 0.6833984375 0.476953125 0.035546875 0.028125
0 0.70625 0.44140625 0.03515625 0.0265625
0 0.66796875 0.3853515625 0.0296875 0.030859375
0 0.626171875 0.371875 0.03046875 0.04609375
0 0.6044921875 0.400390625 0.028515625 0.03671875
0 0.598046875 0.4318359375 0.0296875 0.026953125
0 0.5791015625 0.475390625 0.029296875 0.03828125
0 0.5400390625 0.466796875 0.026953125 0.03515625
0 0.507421875 0.4505859375 0.02734375 0.032421875
0 0.9833984375 0.6005859375 0.028515625 0.029296875
0 0.9169921875 0.563671875 0.037109375 0.02578125
0 0.9037109375 0.5224609375 0.044140625 0.037109375
0 0.8349609375 0.4876953125 0.028515625 0.037890625
0 0.8068359375 0.51796875 0.032421875 0.034375
0 0.903515625 0.6990234375 0.02734375 0.033984375
0 0.8666015625 0.6919921875 0.021484375 0.033203125
0 0.7697265625 0.6853515625 0.027734375 0.028515625
0 0.7626953125 0.78046875 0.033984375 0.0359375
0 0.844140625 0.947265625 0.0359375 0.03828125
0 0.7625 0.896484375 0.01953125 0.0296875
0 0.725 0.8708984375 0.02734375 0.038671875
0 0.68515625 0.8501953125 0.02890625 0.042578125
0 0.3662109375 0.9767578125 0.064453125 0.040234375
