0 0.821875 0.3421875 0.03984375 0.0390625
0 0.94765625 0.0529296875 0.0765625 0.076953125
0 0.5701171875 0.0865234375 0.048046875 0.040234375
0 0.6287109375 0.245703125 0.055859375 0.0484375
0 0.668359375 0.3609375 0.0375 0.0390625
0 0.338671875 0.3423828125 0.059375 0.066796875
0 0.273046875 0.30859375 0.059375 0.075
0 0.2060546875 0.3029296875 0.026953125 0.038671875
0 0.2052734375 0.3021484375 0.027734375 0.037109375
0 0.272265625 0.30625 0.059375 0.07578125
0 0.33828125 0.3404296875 0.059375 0.069140625
0 0.822265625 0.3427734375 0.03984375 0.038671875
0 0.948828125 0.053125 0.07578125 0.078125
0 0.6689453125 0.361328125 0.041015625 0.03984375
0 0.6287109375 0.2419921875 0.056640625 0.056640625
0 0.5693359375 0.0876953125 0.049609375 0.044921875
