0 0.9279296875 0.93203125 0.037890625 0.0265625
0 0.90546875 0.9150390625 0.025 0.023046875
0 0.88828125 0.883984375 0.03359375 0.02109375
0 0.8693359375 0.860546875 0.036328125 0.02421875
0 0.8421875 0.84140625 0.025 0.028125
0 0.8203125 0.821875 0.0265625 0.0328125
0 0.7970703125 0.796875 0.027734375 0.03359375
0 0.764453125 0.7875 0.02421875 0.0328125
0 0.73125 0.7841796875 0.0265625 0.027734375
0 0.690234375 0.7779296875 0.02578125 0.034765625
0 0.848828125 0.758984375 0.03125 0.0265625
0 0.6486328125 0.6818359375 0.029296875 0.029296875
0 0.685546875 0.6865234375 0.02734375 0.032421875
0 0.716015625 0.6759765625 0.02734375 0.027734375
0 0.7529296875 0.6783203125 0.026953125 0.029296875
0 0.789453125 0.6763671875 0.025 0.026953125
0 0.8271484375 0.661328125 0.030859375 0.0375
0 0.85625 0.63828125 0.0234375 0.028125
0 0.9576171875 0.6560546875 0.026171875 0.033984375
0 0.976953125 0.6275390625 0.028125 0.026953125
0 0.88671875 0.5744140625 0.03046875 0.021484375
0 0.9017578125 0.540234375 0.036328125 0.028125
0 0.9283203125 0.391015625 0.050390625 0.0375
0 0.926171875 0.353125 0.0359375 0.0265625
0 0.9140625 0.322265625 0.034375 0.02421875
0 0.9236328125 0.28125 0.033203125 0.02734375
0 0.8892578125 0.2646484375 0.029296875 0.026953125
0 0.868359375 0.2404296875 0.02890625 0.029296875
0 0.8408203125 0.213671875 0.029296875 0.02734375
0 0.8154296875 0.1880859375 0.027734375 0.033203125
0 0.7818359375 0.175 0.036328125 0.0390625
0 0.740234375 0.1775390625 0.028125 0.031640625
0 0.7103515625 0.17734375 0.023046875 0.0265625
0 0.685546875 0.1189453125 0.03515625 0.026953125
0 0.6486328125 0.1478515625 0.029296875 0.029296875
0 0.398828125 0.824609375 0.02578125 0.03046875
0 0.3685546875 0.8173828125 0.027734375 0.031640625
0 0.3341796875 0.8251953125 0.026953125 0.031640625
0 0.29609375 0.817578125 0.025 0.03125
0 0.255078125 0.822265625 0.028125 0.03359375
0 0.2125 0.8181640625 0.04921875 0.051171875
0 0.171484375 0.82109375 0.025 0.03046875
0 0.132421875 0.812890625 0.0421875 0.04765625
0 0.0765625 0.5833984375 0.02890625 0.018359375
0 0.0875 0.6109375 0.028125 0.01875
0 0.100390625 0.6359375 0.025 0.02109375
0 0.125 0.6537109375 0.02109375 0.025390625
0 0.3865234375 0.7552734375 0.030859375 0.018359375
0 0.378515625 0.73203125 0.02578125 0.01953125
0 0.391796875 0.7064453125 0.025 0.018359375
0 0.3552734375 0.6662109375 0.023828125 0.026171875
0 0.32578125 0.661328125 0.021875 0.025
0 0.3001953125 0.662890625 0.020703125 0.02578125
0 0.2759765625 0.6599609375 0.018359375 0.019921875
0 0.2125 0.61015625 0.021875 0.0203125
0 0.2337890625 0.6267578125 0.023828125 0.019140625
0 0.2568359375 0.638671875 0.021484375 0.0234375
0 0.1478515625 0.4763671875 0.029296875 0.019921875
0 0.1353515625 0.4529296875 0.028515625 0.018359375
0 0.1314453125 0.4267578125 0.027734375 0.019921875
0 0.1419921875 0.403515625 0.030078125 0.01875
0 0.1349609375 0.3740234375 0.027734375 0.022265625
0 0.0669921875 0.3568359375 0.026171875 0.018359375
0 0.153515625 0.3533203125 0.03203125 0.019921875
0 0.1595703125 0.3318359375 0.032421875 0.017578125
0 0.1595703125 0.308984375 0.026953125 0.025
0 0.17421875 0.28984375 0.02265625 0.02265625
0 0.1865234375 0.267578125 0.028515625 0.01875
0 0.1923828125 0.239453125 0.024609375 0.01640625
0 0.2244140625 0.2033203125 0.019921875 0.028515625
0 0.2484375 0.1923828125 0.02109375 0.024609375
0 0.266796875 0.1798828125 0.021875 0.026171875
0 0.2892578125 0.169921875 0.016796875 0.0265625
0 0.3166015625 0.162890625 0.017578125 0.02734375
0 0.3443359375 0.1568359375 0.018359375 0.026171875
0 0.3970703125 0.152734375 0.018359375 0.02578125
0 0.423046875 0.146484375 0.0171875 0.02421875
0 0.3744140625 0.117578125 0.023828125 0.02265625
0 0.2166015625 0.098046875 0.017578125 0.0234375
0 0.2021484375 0.17578125 0.016015625 0.02734375
0 0.18203125 0.1748046875 0.0171875 0.024609375
0 0.162890625 0.1724609375 0.01640625 0.024609375
0 0.1431640625 0.169921875 0.015234375 0.02421875
0 0.119921875 0.172265625 0.01796875 0.02109375
0 0.1107421875 0.191015625 0.026171875 0.0171875
0 0.1048828125 0.211328125 0.022265625 0.015625
0 0.1212890625 0.23046875 0.020703125 0.01875
0 0.1501953125 0.234765625 0.023046875 0.015625
