0 0.5375 0.083984375 0.03203125 0.0265625
0 0.4953125 0.1958984375 0.02734375 0.033203125
0 0.6822265625 0.2056640625 0.029296875 0.019140625
0 0.2806640625 0.208984375 0.019140625 0.02265625
0 0.234375 0.5154296875 0.034375 0.024609375
0 0.2388671875 0.549609375 0.031640625 0.0265625
0 0.230859375 0.637890625 0.034375 0.02578125
0 0.229296875 0.675 0.03671875 0.02890625
0 0.332421875 0.6537109375 0.0203125 0.025390625
0 0.2359375 0.783984375 0.03671875 0.02578125
0 0.2349609375 0.81953125 0.033984375 0.025
0 0.2337890625 0.8642578125 0.036328125 0.026171875
0 0.236328125 0.908203125 0.03515625 0.02578125
0 0.332421875 0.7515625 0.03125 0.0390625
0 0.33046875 0.8748046875 0.03828125 0.046484375
0 0.38828125 0.8146484375 0.0375 0.028515625
0 0.3865234375 0.8552734375 0.037109375 0.031640625
0 0.3837890625 0.4619140625 0.038671875 0.032421875
0 0.470703125 0.3482421875 0.03515625 0.026171875
0 0.4685546875 0.4119140625 0.039453125 0.030859375
0 0.47578125 0.63125 0.0328125 0.0265625
0 0.4708984375 0.7447265625 0.038671875 0.030078125
0 0.524609375 0.799609375 0.02890625 0.0390625
0 0.523828125 0.8806640625 0.03125 0.037890625
0 0.5681640625 0.4015625 0.026953125 0.03203125
0 0.619921875 0.4857421875 0.03828125 0.025390625
0 0.6173828125 0.55625 0.033984375 0.03046875
0 0.6248046875 0.7880859375 0.042578125 0.025390625
0 0.62265625 0.8611328125 0.04140625 0.026171875
0 0.62265625 0.898046875 0.04140625 0.02578125
0 0.7115234375 0.41796875 0.038671875 0.02734375
0 0.7115234375 0.5259765625 0.038671875 0.027734375
0 0.715234375 0.5625 0.03671875 0.02421875
0 0.7638671875 0.5732421875 0.027734375 0.028515625
0 0.7095703125 0.68046875 0.036328125 0.0234375
0 0.70859375 0.7177734375 0.03671875 0.024609375
0 0.70546875 0.752734375 0.03828125 0.025
0 0.70859375 0.7892578125 0.03671875 0.025390625
0 0.7109375 0.8255859375 0.03671875 0.026171875
0 0.7115234375 0.8615234375 0.039453125 0.023046875
0 0.7134765625 0.8955078125 0.033203125 0.024609375
0 0.7640625 0.912109375 0.02578125 0.03984375
0 0.8591796875 0.44921875 0.035546875 0.02265625
0 0.9580078125 0.412890625 0.030859375 0.02734375
0 0.8609375 0.5466796875 0.03359375 0.022265625
0 0.86171875 0.6974609375 0.03046875 0.026171875
0 0.8619140625 0.7619140625 0.031640625 0.025390625
0 0.865625 0.862109375 0.03046875 0.02578125
0 0.875 0.8953125 0.0328125 0.028125
0 0.098046875 0.9744140625 0.03828125 0.024609375
0 0.231640625 0.3736328125 0.0203125 0.015234375
