0 0.5025390625 0.0638671875 0.029296875 0.030078125
0 0.732421875 0.0060546875 0.0171875 0.012109375
0 0.7443359375 0.1759765625 0.029296875 0.034765625
0 0.6732421875 0.17734375 0.033203125 0.03828125
0 0.5521484375 0.1779296875 0.030078125 0.033984375
0 0.517578125 0.17421875 0.03203125 0.03671875
0 0.4451171875 0.176171875 0.035546875 0.03828125
0 0.39921875 0.1751953125 0.03046875 0.036328125
0 0.3642578125 0.1763671875 0.030859375 0.037890625
0 0.3267578125 0.1759765625 0.030078125 0.037109375
0 0.714453125 0.2791015625 0.03203125 0.032421875
0 0.6376953125 0.2927734375 0.031640625 0.035546875
0 0.5138671875 0.276171875 0.033203125 0.03515625
0 0.4798828125 0.27890625 0.031640625 0.0359375
0 0.4017578125 0.2779296875 0.030859375 0.032421875
0 0.3626953125 0.2794921875 0.031640625 0.036328125
0 0.3267578125 0.276171875 0.035546875 0.034375
0 0.9828125 0.5740234375 0.01796875 0.026171875
0 0.9283203125 0.5765625 0.032421875 0.04140625
0 0.8939453125 0.5767578125 0.031640625 0.041015625
0 0.8404296875 0.5751953125 0.030078125 0.036328125
0 0.803125 0.5767578125 0.03125 0.036328125
0 0.765234375 0.5765625 0.03203125 0.03828125
0 0.7203125 0.5734375 0.03125 0.04296875
0 0.6826171875 0.574609375 0.033203125 0.040625
0 0.64609375 0.5732421875 0.03125 0.047265625
0 0.5353515625 0.571484375 0.031640625 0.03671875
0 0.480859375 0.57265625 0.0328125 0.03984375
0 0.3818359375 0.440234375 0.033203125 0.03203125
0 0.4453125 0.572265625 0.0328125 0.03984375
0 0.3998046875 0.5716796875 0.031640625 0.040234375
0 0.3642578125 0.5732421875 0.032421875 0.038671875
0 0.3263671875 0.571875 0.036328125 0.0421875
0 0.2892578125 0.56953125 0.033203125 0.04140625
0 0.251953125 0.573046875 0.03515625 0.040625
0 0.2064453125 0.5708984375 0.030859375 0.037890625
0 0.171875 0.570703125 0.03203125 0.03671875
0 0.9841796875 0.7130859375 0.020703125 0.030078125
0 0.9564453125 0.7099609375 0.024609375 0.027734375
0 0.9275390625 0.7111328125 0.024609375 0.028515625
0 0.894921875 0.708203125 0.03125 0.0328125
0 0.8404296875 0.7078125 0.031640625 0.0328125
0 0.803125 0.7099609375 0.03203125 0.033984375
0 0.7599609375 0.7140625 0.037890625 0.04609375
0 0.713671875 0.7037109375 0.03828125 0.043359375
0 0.655078125 0.70546875 0.05546875 0.0578125
0 0.6685546875 0.7705078125 0.035546875 0.033203125
0 0.52734375 0.696484375 0.03515625 0.04765625
0 0.466796875 0.701953125 0.05390625 0.05390625
0 0.4064453125 0.7076171875 0.031640625 0.036328125
0 0.369140625 0.7068359375 0.03125 0.038671875
0 0.3302734375 0.70859375 0.032421875 0.03671875
0 0.28046875 0.7033203125 0.03203125 0.032421875
0 0.2421875 0.704296875 0.0328125 0.03671875
0 0.206640625 0.707421875 0.03515625 0.03671875
0 0.1712890625 0.705859375 0.030859375 0.03203125
