0 0.03828125 0.16484375 0.07578125 0.071875
0 0.0353515625 0.268359375 0.069921875 0.06796875
0 0.0337890625 0.380859375 0.067578125 0.06484375
0 0.0306640625 0.475 0.060546875 0.06640625
0 0.0400390625 0.5689453125 0.079296875 0.069140625
0 0.03671875 0.6515625 0.0734375 0.06875
0 0.03359375 0.73125 0.0671875 0.0671875
0 0.0283203125 0.808984375 0.040234375 0.0390625
0 0.4083984375 0.164453125 0.070703125 0.0640625
0 0.408984375 0.2580078125 0.07265625 0.067578125
0 0.2380859375 0.259375 0.081640625 0.06875
0 0.244140625 0.3703125 0.0703125 0.0671875
0 0.41640625 0.3654296875 0.0796875 0.070703125
0 0.4099609375 0.4611328125 0.075390625 0.073046875
0 0.243359375 0.48515625 0.07109375 0.0640625
0 0.4119140625 0.5654296875 0.072265625 0.066796875
0 0.237890625 0.5708984375 0.0640625 0.063671875
0 0.2412109375 0.6484375 0.069140625 0.06640625
0 0.241015625 0.7279296875 0.0484375 0.038671875
0 0.416015625 0.65078125 0.071875 0.06875
0 0.4130859375 0.8037109375 0.058203125 0.052734375
0 0.615234375 0.384375 0.06953125 0.0640625
0 0.7775390625 0.564453125 0.067578125 0.0625
0 0.623046875 0.6998046875 0.0796875 0.087109375
0 0.7814453125 0.7236328125 0.077734375 0.071484375
0 0.7802734375 0.826953125 0.066796875 0.0796875
0 0.701171875 0.82421875 0.06875 0.0703125
0 0.0376953125 0.163671875 0.074609375 0.071875
0 0.0333984375 0.2681640625 0.066796875 0.069921875
0 0.033203125 0.3798828125 0.065625 0.066796875
0 0.0291015625 0.4732421875 0.058203125 0.066015625
0 0.0376953125 0.5669921875 0.074609375 0.070703125
0 0.0376953125 0.6517578125 0.075390625 0.069921875
0 0.0333984375 0.7302734375 0.066796875 0.065234375
0 0.028125 0.80859375 0.04296875 0.03984375
0 0.240625 0.7255859375 0.05 0.039453125
0 0.4126953125 0.8052734375 0.059765625 0.053515625
0 0.23984375 0.6484375 0.071875 0.065625
0 0.4158203125 0.6509765625 0.071484375 0.066015625
0 0.2392578125 0.5697265625 0.065234375 0.064453125
0 0.4107421875 0.5650390625 0.072265625 0.066796875
0 0.2431640625 0.48359375 0.070703125 0.065625
0 0.4109375 0.4603515625 0.078125 0.069140625
0 0.2435546875 0.3703125 0.070703125 0.0625
0 0.4162109375 0.366796875 0.080078125 0.06953125
0 0.2359375 0.25859375 0.0828125 0.0703125
0 0.410546875 0.2591796875 0.0734375 0.066796875
0 0.4099609375 0.16484375 0.071484375 0.06640625
0 0.61484375 0.384765625 0.06953125 0.06796875
0 0.778125 0.56484375 0.06953125 0.06328125
0 0.621875 0.7005859375 0.0796875 0.086328125
0 0.78203125 0.7228515625 0.0765625 0.070703125
0 0.6998046875 0.82421875 0.069921875 0.0734375
0 0.7796875 0.8275390625 0.06875 0.078515625
