0 0.502734375 0.0994140625 0.05 0.043359375
0 0.555859375 0.134765625 0.0421875 0.05234375
0 0.44609375 0.12890625 0.04140625 0.03828125
0 0.5759765625 0.215625 0.042578125 0.040625
0 0.4125 0.179296875 0.05078125 0.04375
0 0.39453125 0.238671875 0.0703125 0.06328125
0 0.3685546875 0.2921875 0.045703125 0.03828125
0 0.5333984375 0.283984375 0.078515625 0.06875
0 0.3453125 0.35078125 0.071875 0.06484375
0 0.276171875 0.2498046875 0.04921875 0.037890625
0 0.251171875 0.3048828125 0.05078125 0.039453125
0 0.148828125 0.234375 0.06796875 0.07421875
0 0.083203125 0.2640625 0.07109375 0.08515625
0 0.0212890625 0.301171875 0.042578125 0.0671875
0 0.0494140625 0.4908203125 0.040234375 0.047265625
0 0.16171875 0.4775390625 0.0734375 0.069921875
0 0.29375 0.466015625 0.08125 0.0703125
0 0.2658203125 0.531640625 0.076171875 0.06875
0 0.1078125 0.5921875 0.04453125 0.0453125
0 0.030859375 0.6234375 0.0375 0.046875
0 0.398828125 0.399609375 0.0390625 0.04765625
0 0.4791015625 0.4740234375 0.078515625 0.069140625
0 0.6607421875 0.33671875 0.075390625 0.07109375
0 0.637109375 0.4130859375 0.08046875 0.069140625
0 0.7728515625 0.2927734375 0.071484375 0.074609375
0 0.8349609375 0.3279296875 0.068359375 0.080078125
0 0.8673828125 0.09921875 0.040234375 0.040625
0 0.830859375 0.1638671875 0.06328125 0.073046875
0 0.90234375 0.196875 0.053125 0.06171875
0 0.8423828125 0.65078125 0.082421875 0.07265625
0 0.9802734375 0.27421875 0.044140625 0.06328125
0 0.8275390625 0.012890625 0.039453125 0.02578125
0 0.467578125 0.68984375 0.0390625 0.04296875
0 0.4208984375 0.7046875 0.039453125 0.0453125
