0 0.7349609375 0.00703125 0.024609375 0.0125
0 0.6912109375 0.00859375 0.020703125 0.0171875
0 0.7087890625 0.1755859375 0.033984375 0.035546875
0 0.5541015625 0.1728515625 0.034765625 0.040234375
0 0.482421875 0.1724609375 0.03359375 0.033984375
0 0.364453125 0.172265625 0.03125 0.03828125
0 0.326171875 0.173828125 0.03515625 0.03671875
0 0.71328125 0.2771484375 0.0328125 0.037890625
0 0.6376953125 0.292578125 0.030859375 0.03046875
0 0.553125 0.2931640625 0.03046875 0.036328125
0 0.5154296875 0.273046875 0.033203125 0.03828125
0 0.479296875 0.2748046875 0.028125 0.035546875
0 0.173046875 0.5671875 0.03125 0.040625
0 0.2068359375 0.5681640625 0.030859375 0.043359375
0 0.53515625 0.5716796875 0.03125 0.038671875
0 0.4818359375 0.5734375 0.030078125 0.0390625
0 0.445703125 0.57265625 0.03203125 0.0359375
0 0.401171875 0.5720703125 0.03046875 0.040234375
0 0.364453125 0.5712890625 0.03046875 0.041015625
0 0.3263671875 0.569921875 0.033984375 0.04375
0 0.29140625 0.5666015625 0.03046875 0.044140625
0 0.2525390625 0.570703125 0.033203125 0.04375
0 0.9826171875 0.5740234375 0.016796875 0.029296875
0 0.9583984375 0.573828125 0.016015625 0.02578125
0 0.9275390625 0.576171875 0.027734375 0.040625
0 0.89375 0.57578125 0.02890625 0.03828125
0 0.8408203125 0.57578125 0.029296875 0.034375
0 0.802734375 0.575 0.0296875 0.0375
0 0.765234375 0.57578125 0.03515625 0.03828125
0 0.71875 0.5736328125 0.03125 0.040234375
0 0.683984375 0.5724609375 0.03359375 0.044921875
0 0.646875 0.5734375 0.03671875 0.04765625
0 0.9857421875 0.7109375 0.020703125 0.02421875
0 0.9568359375 0.71171875 0.020703125 0.028125
0 0.928515625 0.7109375 0.02421875 0.02734375
0 0.896875 0.709765625 0.0234375 0.025
0 0.947265625 0.9095703125 0.0390625 0.022265625
0 0.841015625 0.7107421875 0.02890625 0.035546875
0 0.80546875 0.71171875 0.028125 0.04140625
0 0.75859375 0.712890625 0.03515625 0.04765625
0 0.7140625 0.7033203125 0.0328125 0.048828125
0 0.657421875 0.704296875 0.05546875 0.05546875
0 0.466015625 0.6974609375 0.053125 0.056640625
0 0.6287109375 0.76796875 0.042578125 0.03359375
0 0.5240234375 0.7701171875 0.039453125 0.048828125
0 0.4064453125 0.7060546875 0.031640625 0.041015625
0 0.3306640625 0.70546875 0.030078125 0.0375
0 0.280078125 0.7009765625 0.03046875 0.035546875
0 0.242578125 0.70078125 0.03359375 0.034375
0 0.2060546875 0.7025390625 0.033203125 0.037890625
0 0.1728515625 0.7048828125 0.034765625 0.033203125
0 0.7505859375 0.4556640625 0.027734375 0.019921875
