0 0.2619140625 0.2337890625 0.036328125 0.033984375
0 0.2376953125 0.2826171875 0.055078125 0.047265625
0 0.2109375 0.33359375 0.05546875 0.0515625
0 0.369140625 0.2638671875 0.03046875 0.026953125
0 0.3677734375 0.3001953125 0.030078125 0.030078125
0 0.3126953125 0.3869140625 0.061328125 0.053515625
0 0.1830078125 0.386328125 0.061328125 0.05234375
0 0.2810546875 0.444921875 0.051953125 0.046875
0 0.205859375 0.46953125 0.0296875 0.03125
0 0.371484375 0.544921875 0.03125 0.03203125
0 0.5349609375 0.4185546875 0.030078125 0.030859375
0 0.6158203125 0.6373046875 0.029296875 0.035546875
0 0.758984375 0.5015625 0.05078125 0.05
0 0.7623046875 0.402734375 0.031640625 0.0375
0 0.8560546875 0.2263671875 0.029296875 0.034765625
0 0.6814453125 0.6853515625 0.026953125 0.034765625
0 0.7599609375 0.7515625 0.030859375 0.034375
0 0.8185546875 0.8712890625 0.024609375 0.021484375
0 0.8962890625 0.8955078125 0.031640625 0.039453125
0 0.731640625 0.0521484375 0.03046875 0.030859375
0 0.76484375 0.07578125 0.02265625 0.0296875
0 0.8005859375 0.0943359375 0.027734375 0.034765625
0 0.8396484375 0.1458984375 0.035546875 0.030859375
0 0.684765625 0.149609375 0.03046875 0.0390625
0 0.7251953125 0.16953125 0.037109375 0.04765625
0 0.7611328125 0.187890625 0.024609375 0.03125
0 0.7263671875 0.28984375 0.032421875 0.03515625
0 0.7353515625 0.32734375 0.029296875 0.0265625
0 0.725 0.35859375 0.02890625 0.0328125
0 0.696484375 0.383203125 0.025 0.03046875
0 0.9208984375 0.1044921875 0.014453125 0.014453125
