0 0.25546875 0.1755859375 0.03515625 0.040234375
0 0.3638671875 0.174609375 0.033984375 0.03984375
0 0.4029296875 0.1751953125 0.033984375 0.038671875
0 0.4837890625 0.1736328125 0.033203125 0.033984375
0 0.675 0.175 0.03359375 0.03671875
0 0.6486328125 0.0662109375 0.038671875 0.034765625
0 0.7140625 0.2783203125 0.03359375 0.038671875
0 0.836328125 0.2810546875 0.03359375 0.041015625
0 0.6388671875 0.29453125 0.033984375 0.03046875
0 0.4423828125 0.2806640625 0.033203125 0.035546875
0 0.3630859375 0.2791015625 0.031640625 0.032421875
0 0.326953125 0.279296875 0.0328125 0.03359375
0 0.9283203125 0.5158203125 0.035546875 0.040234375
0 0.983984375 0.573046875 0.0203125 0.02734375
0 0.9576171875 0.573828125 0.020703125 0.028125
0 0.8939453125 0.578125 0.023046875 0.028125
0 0.8408203125 0.576171875 0.026171875 0.03046875
0 0.7677734375 0.5736328125 0.032421875 0.039453125
0 0.7203125 0.575390625 0.03359375 0.03828125
0 0.6486328125 0.5734375 0.033203125 0.0375
0 0.537109375 0.5724609375 0.0296875 0.036328125
0 0.483203125 0.57421875 0.0296875 0.034375
0 0.44609375 0.5712890625 0.034375 0.037890625
0 0.4015625 0.57109375 0.0296875 0.03828125
0 0.36328125 0.573046875 0.03046875 0.03828125
0 0.3275390625 0.572265625 0.037109375 0.04609375
0 0.3701171875 0.705859375 0.031640625 0.03515625
0 0.407421875 0.7068359375 0.03203125 0.035546875
0 0.4673828125 0.7017578125 0.054296875 0.050390625
0 0.5287109375 0.6984375 0.035546875 0.0453125
0 0.7142578125 0.7041015625 0.030859375 0.034765625
0 0.75703125 0.7779296875 0.0359375 0.051953125
0 0.896875 0.708203125 0.0265625 0.0296875
0 0.9837890625 0.712109375 0.021484375 0.03046875
0 0.2078125 0.5732421875 0.03203125 0.035546875
0 0.1736328125 0.5705078125 0.030078125 0.037109375
0 0.169921875 0.7064453125 0.034375 0.038671875
0 0.2068359375 0.708203125 0.029296875 0.0359375
0 0.2419921875 0.705859375 0.033203125 0.03671875
0 0.2802734375 0.705078125 0.033203125 0.0359375
0 0.63515625 0.9861328125 0.03984375 0.025390625
