0 0.7998046875 0.578515625 0.076171875 0.0828125
0 0.7021484375 0.49765625 0.046484375 0.05625
0 0.9556640625 0.4361328125 0.035546875 0.048046875
0 0.8798828125 0.40625 0.048046875 0.05703125
0 0.621875 0.2984375 0.046875 0.0578125
0 0.6681640625 0.399609375 0.033984375 0.03359375
0 0.63125 0.465625 0.0578125 0.06328125
0 0.6333984375 0.62890625 0.058984375 0.07265625
0 0.57109375 0.5927734375 0.06328125 0.069140625
0 0.46015625 0.6376953125 0.06640625 0.062890625
0 0.4390625 0.717578125 0.071875 0.065625
0 0.6439453125 0.9529296875 0.076171875 0.062109375
0 0.066015625 0.8326171875 0.06796875 0.064453125
0 0.0953125 0.7666015625 0.0734375 0.066015625
0 0.1994140625 0.7015625 0.033984375 0.03984375
0 0.1421875 0.6513671875 0.06171875 0.058203125
0 0.0521484375 0.6048828125 0.044140625 0.032421875
0 0.075 0.5498046875 0.0421875 0.034765625
0 0.1673828125 0.5931640625 0.037109375 0.035546875
0 0.3330078125 0.5826171875 0.069921875 0.062109375
0 0.375390625 0.5162109375 0.03984375 0.035546875
0 0.1935546875 0.538671875 0.062109375 0.059375
0 0.2126953125 0.4802734375 0.044140625 0.033984375
0 0.2462890625 0.428515625 0.032421875 0.03359375
0 0.302734375 0.3998046875 0.0453125 0.037109375
0 0.3552734375 0.4365234375 0.033203125 0.047265625
0 0.2666015625 0.986328125 0.034765625 0.02734375
0 0.221484375 0.9923828125 0.0234375 0.014453125
0 0.2791015625 0.7759765625 0.070703125 0.060546875
