0 0.4802734375 0.089453125 0.046484375 0.05625
0 0.5595703125 0.1833984375 0.048828125 0.052734375
0 0.4548828125 0.2435546875 0.047265625 0.050390625
0 0.361328125 0.22421875 0.05 0.04296875
0 0.3490234375 0.303125 0.048828125 0.06015625
0 0.2875 0.340234375 0.046875 0.05703125
0 0.2396484375 0.3728515625 0.038671875 0.048828125
0 0.189453125 0.404296875 0.04609375 0.0546875
0 0.744140625 0.4490234375 0.03125 0.032421875
0 0.46171875 0.4140625 0.0546875 0.05234375
0 0.492578125 0.46796875 0.053125 0.05390625
0 0.522265625 0.518359375 0.06015625 0.04921875
0 0.55625 0.573828125 0.04921875 0.04921875
0 0.5853515625 0.625 0.058203125 0.0515625
0 0.6134765625 0.6755859375 0.058984375 0.051171875
0 0.6419921875 0.7255859375 0.051171875 0.046484375
0 0.678515625 0.78671875 0.04921875 0.05078125
0 0.9451171875 0.796484375 0.037890625 0.04921875
0 0.7296875 0.9130859375 0.0640625 0.051953125
