0 0.0806640625 0.099609375 0.027734375 0.03046875
0 0.171484375 0.151953125 0.02578125 0.025
0 0.251953125 0.207421875 0.021875 0.03046875
0 0.2755859375 0.2359375 0.021484375 0.025
0 0.3015625 0.2275390625 0.02734375 0.024609375
0 0.3142578125 0.2609375 0.021484375 0.0234375
0 0.146484375 0.30078125 0.02890625 0.02734375
0 0.3919921875 0.3017578125 0.019140625 0.020703125
0 0.4025390625 0.2818359375 0.014453125 0.016015625
0 0.485546875 0.333203125 0.01953125 0.01875
0 0.504296875 0.3486328125 0.0234375 0.022265625
0 0.5068359375 0.37109375 0.022265625 0.01484375
0 0.4908203125 0.37734375 0.017578125 0.021875
0 0.6748046875 0.2068359375 0.028515625 0.029296875
0 0.715234375 0.30234375 0.0265625 0.02265625
0 0.69765625 0.333203125 0.028125 0.02421875
0 0.7525390625 0.5203125 0.056640625 0.06328125
0 0.2662109375 0.698828125 0.053515625 0.04453125
0 0.3447265625 0.74921875 0.029296875 0.02890625
0 0.4017578125 0.783203125 0.027734375 0.02578125
0 0.4734375 0.6666015625 0.06328125 0.046484375
0 0.6572265625 0.9427734375 0.055859375 0.046484375
