0 0.2080078125 0.1271484375 0.052734375 0.062109375
0 0.1623046875 0.3001953125 0.050390625 0.065234375
0 0.2263671875 0.3265625 0.048828125 0.0578125
0 0.3671875 0.209765625 0.04296875 0.05390625
0 0.3421875 0.4267578125 0.05625 0.052734375
0 0.2544921875 0.8048828125 0.060546875 0.049609375
0 0.4021484375 0.7095703125 0.069921875 0.052734375
0 0.4248046875 0.82109375 0.044140625 0.034375
0 0.425 0.89296875 0.06171875 0.0546875
0 0.4375 0.96015625 0.06484375 0.046875
0 0.6861328125 0.952734375 0.038671875 0.025
0 0.6638671875 0.7791015625 0.039453125 0.030859375
0 0.642578125 0.6861328125 0.065625 0.057421875
0 0.6330078125 0.608984375 0.066015625 0.0625
0 0.623828125 0.5291015625 0.05390625 0.055859375
0 0.63671875 0.392578125 0.0578125 0.05546875
0 0.6646484375 0.331640625 0.055859375 0.05
0 0.7240234375 0.271484375 0.053515625 0.0625
0 0.896484375 0.516015625 0.0640625 0.075
0 0.7958984375 0.6267578125 0.058984375 0.056640625
0 0.80859375 0.7486328125 0.05703125 0.052734375
0 0.82734375 0.871484375 0.05546875 0.0578125
0 0.5548828125 0.1830078125 0.042578125 0.041796875
0 0.653515625 0.1125 0.04375 0.0421875
0 0.6990234375 0.076953125 0.042578125 0.05234375
0 0.7447265625 0.0423828125 0.038671875 0.033203125
