0 0.841015625 0.8400390625 0.02734375 0.027734375
0 0.8095703125 0.8728515625 0.030859375 0.029296875
0 0.769921875 0.86171875 0.0265625 0.028125
0 0.7439453125 0.8296875 0.028515625 0.02734375
0 0.8513671875 0.7724609375 0.029296875 0.029296875
0 0.8333984375 0.7345703125 0.027734375 0.029296875
0 0.81796875 0.7037109375 0.02890625 0.028515625
0 0.8033203125 0.6744140625 0.029296875 0.023828125
0 0.7853515625 0.6447265625 0.027734375 0.028515625
0 0.6978515625 0.7259765625 0.028515625 0.028515625
0 0.7681640625 0.615234375 0.030078125 0.02734375
0 0.420703125 0.12890625 0.03984375 0.03984375
0 0.5115234375 0.5599609375 0.027734375 0.030859375
0 0.4560546875 0.6185546875 0.030078125 0.030078125
0 0.5056640625 0.660546875 0.030078125 0.03125
0 0.271875 0.7583984375 0.03046875 0.027734375
0 0.313671875 0.7197265625 0.0328125 0.030859375
0 0.234765625 0.46796875 0.03046875 0.0359375
0 0.3046875 0.4400390625 0.02734375 0.028515625
0 0.2474609375 0.3833984375 0.025390625 0.032421875
0 0.236328125 0.288671875 0.025 0.03359375
0 0.190234375 0.2953125 0.0265625 0.02890625
0 0.2544921875 0.0599609375 0.027734375 0.039453125
