0 0.032421875 0.3611328125 0.05234375 0.055078125
0 0.8962890625 0.1626953125 0.048828125 0.047265625
0 0.929296875 0.2587890625 0.046875 0.044140625
0 0.9474609375 0.3107421875 0.048046875 0.044921875
0 0.78359375 0.2353515625 0.03046875 0.025390625
0 0.7939453125 0.2650390625 0.028515625 0.025390625
0 0.7814453125 0.3458984375 0.025390625 0.027734375
0 0.6904296875 0.273046875 0.037109375 0.0296875
0 0.703125 0.3025390625 0.03125 0.023828125
0 0.7193359375 0.36640625 0.025390625 0.03203125
0 0.805078125 0.39140625 0.03203125 0.02890625
0 0.93125 0.375 0.0515625 0.04453125
0 0.47890625 0.3583984375 0.0453125 0.054296875
0 0.9146484375 0.4259765625 0.029296875 0.033203125
0 0.8265625 0.461328125 0.04296875 0.05078125
0 0.730078125 0.49375 0.04296875 0.053125
0 0.485546875 0.4310546875 0.053125 0.049609375
0 0.566015625 0.4658203125 0.0515625 0.046484375
0 0.6279296875 0.5265625 0.045703125 0.059375
0 0.5783203125 0.5431640625 0.045703125 0.059765625
0 0.2916015625 0.4234375 0.023828125 0.03046875
0 0.215625 0.4330078125 0.046875 0.044921875
0 0.1462890625 0.461328125 0.030859375 0.0296875
0 0.386328125 0.598046875 0.04140625 0.0484375
0 0.340234375 0.5751953125 0.04140625 0.049609375
0 0.294140625 0.553125 0.04296875 0.046875
0 0.248828125 0.530859375 0.03984375 0.04765625
0 0.20234375 0.5126953125 0.046875 0.046484375
0 0.8748046875 0.5654296875 0.046484375 0.051953125
0 0.8267578125 0.5818359375 0.042578125 0.047265625
0 0.7626953125 0.6029296875 0.040234375 0.046484375
0 0.7173828125 0.6154296875 0.023828125 0.030078125
0 0.6646484375 0.636328125 0.041796875 0.04609375
0 0.690625 0.7697265625 0.0296875 0.027734375
0 0.5650390625 0.718359375 0.046484375 0.0390625
0 0.54296875 0.768359375 0.0453125 0.0390625
0 0.5228515625 0.811328125 0.032421875 0.025
0 0.451171875 0.69140625 0.0515625 0.046875
0 0.4271484375 0.737890625 0.057421875 0.04609375
0 0.403515625 0.796875 0.0375 0.0296875
0 0.3552734375 0.8853515625 0.051953125 0.043359375
0 0.3341796875 0.9318359375 0.048828125 0.042578125
0 0.32109375 0.6955078125 0.03671875 0.028515625
0 0.1728515625 0.6267578125 0.030078125 0.030859375
0 0.2115234375 0.6525390625 0.026171875 0.030859375
0 0.3009765625 0.7302734375 0.033984375 0.023828125
0 0.2662109375 0.800390625 0.032421875 0.025
0 0.25 0.8603515625 0.02421875 0.022265625
0 0.03046875 0.6173828125 0.040625 0.029296875
0 0.0400390625 0.64921875 0.029296875 0.028125
0 0.0494140625 0.6783203125 0.028515625 0.025390625
0 0.0654296875 0.7392578125 0.031640625 0.026953125
0 0.9873046875 0.565234375 0.024609375 0.03828125
0 0.0115234375 0.948046875 0.023046875 0.034375
