0 0.5609375 0.1048828125 0.03046875 0.033984375
0 0.3927734375 0.11328125 0.030078125 0.02890625
0 0.2052734375 0.1123046875 0.026171875 0.026171875
0 0.17578125 0.1171875 0.0234375 0.02890625
0 0.3380859375 0.9609375 0.049609375 0.0484375
0 0.425390625 0.15625 0.03046875 0.028125
0 0.4498046875 0.192578125 0.033984375 0.0296875
0 0.50390625 0.4234375 0.0296875 0.03359375
0 0.48515625 0.469921875 0.03359375 0.03046875
0 0.46171875 0.5630859375 0.03984375 0.032421875
0 0.458984375 0.6044921875 0.03671875 0.030859375
0 0.4826171875 0.6484375 0.053515625 0.04921875
0 0.4662109375 0.7453125 0.031640625 0.02734375
0 0.4087890625 0.8755859375 0.052734375 0.045703125
0 0.5583984375 0.8650390625 0.056640625 0.054296875
