0 0.706640625 0.0400390625 0.04765625 0.058984375
0 0.830078125 0.140234375 0.053125 0.05859375
0 0.6376953125 0.0142578125 0.048828125 0.028515625
0 0.649609375 0.990625 0.04765625 0.01796875
0 0.312109375 0.9783203125 0.04765625 0.041015625
0 0.10859375 0.1857421875 0.03125 0.026171875
0 0.25546875 0.2759765625 0.05703125 0.044921875
0 0.3671875 0.3447265625 0.03125 0.030859375
0 0.485546875 0.4189453125 0.05390625 0.048828125
0 0.6134765625 0.4962890625 0.030078125 0.024609375
0 0.6955078125 0.42890625 0.044140625 0.04453125
0 0.7201171875 0.528125 0.049609375 0.04921875
0 0.780859375 0.565234375 0.059375 0.0546875
0 0.8751953125 0.6564453125 0.056640625 0.049609375
0 0.7908203125 0.89921875 0.051953125 0.0515625
0 0.3443359375 0.828125 0.045703125 0.05390625
0 0.290234375 0.794921875 0.04609375 0.046875
0 0.1279296875 0.691015625 0.051171875 0.0546875
0 0.08984375 0.8521484375 0.05234375 0.058984375
0 0.90234375 0.178125 0.03984375 0.04921875
