0 0.258203125 0.1638671875 0.03515625 0.039453125
0 0.3142578125 0.1787109375 0.051171875 0.054296875
0 0.55234375 0.1796875 0.03828125 0.04453125
0 0.61484375 0.0408203125 0.05703125 0.049609375
0 0.743359375 0.04296875 0.04375 0.04921875
0 0.72109375 0.2697265625 0.06171875 0.062109375
0 0.636328125 0.3921875 0.06796875 0.0515625
0 0.69375 0.4521484375 0.05625 0.046484375
0 0.62734375 0.6076171875 0.0671875 0.063671875
0 0.8068359375 0.7501953125 0.062109375 0.049609375
0 0.6767578125 0.873046875 0.036328125 0.03046875
0 0.6328125 0.753125 0.0375 0.0359375
0 0.4345703125 0.9603515625 0.062890625 0.050390625
0 0.425 0.891015625 0.071875 0.0609375
0 0.4 0.6373046875 0.075 0.061328125
0 0.3865234375 0.56015625 0.066796875 0.05546875
0 0.2296875 0.577734375 0.06015625 0.0515625
0 0.3708984375 0.4849609375 0.062109375 0.045703125
0 0.3408203125 0.426171875 0.058203125 0.05390625
0 0.2677734375 0.901953125 0.043359375 0.03515625
