0 0.03828125 0.16796875 0.0671875 0.07109375
0 0.1482421875 0.2525390625 0.081640625 0.069921875
0 0.1357421875 0.3427734375 0.088671875 0.067578125
0 0.448046875 0.1615234375 0.0546875 0.058203125
0 0.388671875 0.226171875 0.065625 0.059375
0 0.34453125 0.290625 0.07421875 0.059375
0 0.3138671875 0.3642578125 0.062890625 0.062890625
0 0.2861328125 0.435546875 0.060546875 0.05546875
0 0.243359375 0.4953125 0.06640625 0.05703125
0 0.676953125 0.25390625 0.06015625 0.06796875
0 0.5787109375 0.2787109375 0.067578125 0.056640625
0 0.541015625 0.3626953125 0.06875 0.056640625
0 0.4892578125 0.4287109375 0.063671875 0.053515625
0 0.43984375 0.4892578125 0.0640625 0.044921875
0 0.3587890625 0.5892578125 0.067578125 0.053515625
0 0.915234375 0.367578125 0.05703125 0.0625
0 0.828125 0.44921875 0.0421875 0.04296875
0 0.6880859375 0.44140625 0.044140625 0.0484375
0 0.775390625 0.521484375 0.07890625 0.06484375
0 0.6546875 0.597265625 0.0703125 0.07109375
0 0.5802734375 0.6396484375 0.062890625 0.063671875
0 0.4896484375 0.7115234375 0.070703125 0.072265625
0 0.37109375 0.7048828125 0.0734375 0.070703125
0 0.3609375 0.8560546875 0.053125 0.059765625
0 0.47890625 0.8544921875 0.05390625 0.062109375
0 0.7166015625 0.73828125 0.037109375 0.04296875
0 0.7646484375 0.741015625 0.035546875 0.0453125
0 0.813671875 0.7453125 0.0390625 0.04453125
0 0.9142578125 0.8046875 0.039453125 0.04296875
0 0.8994140625 0.8689453125 0.039453125 0.038671875
0 0.80703125 0.8646484375 0.040625 0.041015625
0 0.796875 0.9693359375 0.03828125 0.036328125
0 0.751171875 0.9712890625 0.040625 0.041015625
0 0.704296875 0.9662109375 0.040625 0.039453125
0 0.60234375 0.9630859375 0.04140625 0.043359375
0 0.3126953125 0.831640625 0.033203125 0.0390625
