0 0.340625 0.0576171875 0.07265625 0.066796875
0 0.6244140625 0.2130859375 0.062109375 0.062890625
0 0.8486328125 0.2681640625 0.083203125 0.075390625
0 0.4416015625 0.159765625 0.064453125 0.06171875
0 0.3861328125 0.2279296875 0.068359375 0.062109375
0 0.2623046875 0.212109375 0.073828125 0.075
0 0.345703125 0.293359375 0.065625 0.05859375
0 0.31484375 0.3642578125 0.0625 0.058203125
0 0.48828125 0.4314453125 0.075 0.066796875
0 0.6857421875 0.441796875 0.037890625 0.0484375
0 0.899609375 0.612109375 0.065625 0.0734375
0 0.81171875 0.743359375 0.02734375 0.03671875
0 0.7169921875 0.7365234375 0.039453125 0.041015625
0 0.4404296875 0.49140625 0.067578125 0.05859375
0 0.4158203125 0.550390625 0.038671875 0.0359375
0 0.503515625 0.576171875 0.0640625 0.065625
0 0.580078125 0.6392578125 0.0625 0.062890625
0 0.548046875 0.6951171875 0.04140625 0.046484375
0 0.4859375 0.7162109375 0.06640625 0.069140625
0 0.3681640625 0.70703125 0.066796875 0.071875
0 0.2814453125 0.4369140625 0.069140625 0.059765625
0 0.2427734375 0.4966796875 0.062109375 0.057421875
0 0.89609375 0.8705078125 0.0375 0.046484375
0 0.8033203125 0.8630859375 0.039453125 0.044921875
0 0.478125 0.855078125 0.053125 0.06171875
0 0.5373046875 0.884765625 0.037890625 0.0375
0 0.30546875 0.83359375 0.02890625 0.0421875
0 0.4193359375 0.855078125 0.040234375 0.04375
0 0.0357421875 0.170703125 0.066796875 0.06875
0 0.123046875 0.166796875 0.071875 0.0796875
