0 0.58515625 0.012109375 0.02734375 0.0234375
0 0.875390625 0.0349609375 0.04140625 0.041796875
0 0.9826171875 0.112890625 0.034765625 0.0390625
0 0.4884765625 0.199609375 0.038671875 0.0421875
0 0.453125 0.176953125 0.01875 0.02734375
0 0.4267578125 0.166015625 0.019921875 0.02890625
0 0.422265625 0.3400390625 0.03828125 0.040234375
0 0.3779296875 0.3138671875 0.023046875 0.026953125
0 0.3310546875 0.29921875 0.038671875 0.04453125
0 0.2974609375 0.4296875 0.038671875 0.040625
0 0.2484375 0.4087890625 0.04296875 0.049609375
0 0.8388671875 0.420703125 0.023046875 0.021875
0 0.828125 0.446875 0.0234375 0.021875
0 0.815234375 0.4736328125 0.025 0.023046875
0 0.8060546875 0.5 0.024609375 0.02109375
0 0.7818359375 0.5529296875 0.022265625 0.023046875
0 0.7603515625 0.6046875 0.023046875 0.021875
0 0.7712890625 0.6748046875 0.025390625 0.026953125
0 0.738671875 0.657421875 0.0234375 0.021875
0 0.72734375 0.6841796875 0.0234375 0.022265625
0 0.6919921875 0.7689453125 0.023828125 0.023828125
0 0.6685546875 0.8232421875 0.023828125 0.021484375
