0 0.1806640625 0.1267578125 0.073046875 0.064453125
0 0.166796875 0.2630859375 0.06953125 0.058984375
0 0.300390625 0.2189453125 0.053125 0.058203125
0 0.3759765625 0.218359375 0.067578125 0.07578125
0 0.5716796875 0.1994140625 0.040234375 0.032421875
0 0.6234375 0.24921875 0.03984375 0.034375
0 0.42734375 0.2634765625 0.0640625 0.055859375
0 0.1703125 0.3564453125 0.06875 0.064453125
0 0.2859375 0.460546875 0.078125 0.0671875
0 0.4146484375 0.4818359375 0.063671875 0.055859375
0 0.510546875 0.382421875 0.0609375 0.05078125
0 0.8845703125 0.0330078125 0.076953125 0.066015625
0 0.1607421875 0.5640625 0.069921875 0.0640625
0 0.2576171875 0.542578125 0.069921875 0.06015625
0 0.296875 0.612890625 0.06328125 0.05625
0 0.2076171875 0.7091796875 0.064453125 0.055859375
0 0.345703125 0.6763671875 0.07421875 0.059765625
0 0.2490234375 0.780078125 0.073828125 0.0625
0 0.299609375 0.8421875 0.06328125 0.05390625
0 0.3439453125 0.908203125 0.062109375 0.05078125
0 0.9306640625 0.9052734375 0.037109375 0.044140625
0 0.8185546875 0.92421875 0.085546875 0.08359375
0 0.64453125 0.846484375 0.03828125 0.03515625
0 0.6158203125 0.8083984375 0.039453125 0.035546875
0 0.455078125 0.5451171875 0.07265625 0.059765625
0 0.5015625 0.6013671875 0.0609375 0.055859375
0 0.9162109375 0.9947265625 0.016796875 0.010546875
