0 0.075 0.1013671875 0.0265625 0.033984375
0 0.13046875 0.22421875 0.0359375 0.0265625
0 0.4126953125 0.2455078125 0.019140625 0.028515625
0 0.3845703125 0.261328125 0.015234375 0.021875
0 0.65 0.296875 0.01796875 0.02890625
0 0.6822265625 0.29296875 0.025390625 0.03203125
0 0.7150390625 0.287890625 0.027734375 0.03359375
0 0.7474609375 0.2921875 0.021484375 0.02734375
0 0.9265625 0.048046875 0.03359375 0.03046875
0 0.946875 0.0814453125 0.034375 0.026953125
0 0.923828125 0.13984375 0.03125 0.0234375
0 0.8990234375 0.1732421875 0.033203125 0.025390625
0 0.883203125 0.204296875 0.02578125 0.02578125
0 0.8537109375 0.2248046875 0.026953125 0.028515625
0 0.8130859375 0.28125 0.023046875 0.03125
0 0.778515625 0.283984375 0.02578125 0.034375
0 0.862109375 0.3166015625 0.03046875 0.038671875
0 0.9189453125 0.294921875 0.023828125 0.0296875
0 0.94140625 0.43125 0.02734375 0.02578125
0 0.976953125 0.4845703125 0.021875 0.023828125
0 0.904296875 0.54375 0.0296875 0.02421875
0 0.912109375 0.580859375 0.0296875 0.025
0 0.9169921875 0.6208984375 0.032421875 0.028515625
0 0.9109375 0.6623046875 0.02578125 0.022265625
0 0.9708984375 0.8037109375 0.019140625 0.026953125
0 0.9556640625 0.8345703125 0.029296875 0.027734375
0 0.9173828125 0.8912109375 0.025390625 0.023828125
0 0.9021484375 0.9220703125 0.035546875 0.028515625
0 0.9517578125 0.9533203125 0.026953125 0.027734375
0 0.81953125 0.882421875 0.02734375 0.034375
0 0.8822265625 0.80234375 0.023828125 0.02265625
0 0.758984375 0.91796875 0.01484375 0.02734375
0 0.7255859375 0.9240234375 0.016015625 0.024609375
0 0.6384765625 0.927734375 0.019140625 0.0234375
0 0.0080078125 0.145703125 0.016015625 0.03828125
