0 0.674609375 0.2029296875 0.0390625 0.026953125
0 0.76171875 0.346875 0.0359375 0.02734375
0 0.8615234375 0.3515625 0.033203125 0.0265625
0 0.948828125 0.3794921875 0.03515625 0.026171875
0 0.9490234375 0.476171875 0.033984375 0.0265625
0 0.9509765625 0.5388671875 0.031640625 0.024609375
0 0.8572265625 0.5455078125 0.031640625 0.025390625
0 0.8578125 0.6615234375 0.0359375 0.028515625
0 0.85859375 0.6951171875 0.03515625 0.027734375
0 0.8619140625 0.728515625 0.032421875 0.02890625
0 0.8599609375 0.7609375 0.036328125 0.02890625
0 0.8521484375 0.7935546875 0.033984375 0.030078125
0 0.864453125 0.862109375 0.03984375 0.0296875
0 0.8708984375 0.89296875 0.039453125 0.02421875
0 0.9482421875 0.76015625 0.036328125 0.0328125
0 0.618359375 0.345703125 0.04296875 0.0296875
0 0.7080078125 0.379296875 0.033984375 0.025
0 0.7109375 0.4150390625 0.03828125 0.030859375
0 0.6171875 0.4103515625 0.04140625 0.026171875
0 0.61640625 0.4458984375 0.040625 0.028515625
0 0.617578125 0.51953125 0.04140625 0.02734375
0 0.615625 0.55546875 0.03203125 0.02890625
0 0.7125 0.5904296875 0.028125 0.027734375
0 0.710546875 0.6423828125 0.03359375 0.030078125
0 0.70625 0.7146484375 0.0359375 0.028515625
0 0.701171875 0.7498046875 0.040625 0.026953125
0 0.7099609375 0.8236328125 0.038671875 0.026953125
0 0.708203125 0.8931640625 0.03203125 0.024609375
0 0.6099609375 0.5884765625 0.038671875 0.029296875
0 0.6205078125 0.7515625 0.041015625 0.028125
0 0.6205078125 0.8224609375 0.041796875 0.026953125
0 0.6244140625 0.85859375 0.057421875 0.03046875
0 0.4685546875 0.3447265625 0.034765625 0.027734375
0 0.464453125 0.409765625 0.03984375 0.0296875
0 0.4701171875 0.5244140625 0.044140625 0.030859375
0 0.469140625 0.62734375 0.0421875 0.03203125
0 0.4701171875 0.7447265625 0.041015625 0.033203125
0 0.4724609375 0.81640625 0.034765625 0.03203125
0 0.4716796875 0.8521484375 0.037890625 0.029296875
0 0.3814453125 0.8904296875 0.048046875 0.036328125
0 0.325 0.833984375 0.0359375 0.04140625
0 0.23046875 0.817578125 0.03671875 0.0265625
0 0.2822265625 0.7732421875 0.019140625 0.021484375
0 0.3865234375 0.678125 0.044921875 0.03125
0 0.3869140625 0.7232421875 0.048046875 0.037109375
0 0.229296875 0.7119140625 0.0375 0.029296875
0 0.2294921875 0.6380859375 0.038671875 0.027734375
0 0.234765625 0.57890625 0.0265625 0.0203125
0 0.2337890625 0.481640625 0.028515625 0.02890625
0 0.2791015625 0.39453125 0.023828125 0.03046875
0 0.2267578125 0.3724609375 0.026171875 0.023046875
0 0.3841796875 0.356640625 0.040234375 0.02890625
0 0.3849609375 0.5353515625 0.041796875 0.025390625
0 0.3791015625 0.5736328125 0.039453125 0.033203125
