0 0.6349609375 0.01328125 0.054296875 0.02578125
0 0.699609375 0.039453125 0.05546875 0.0625
0 0.757421875 0.098828125 0.05625 0.06015625
0 0.8232421875 0.1396484375 0.053515625 0.058984375
0 0.8955078125 0.1787109375 0.054296875 0.058203125
0 0.798046875 0.20234375 0.05234375 0.04921875
0 0.8341796875 0.337890625 0.026171875 0.0328125
0 0.8548828125 0.4822265625 0.058984375 0.054296875
0 0.7115234375 0.528515625 0.051171875 0.06015625
0 0.606640625 0.4947265625 0.05546875 0.048046875
0 0.487890625 0.420703125 0.0546875 0.0484375
0 0.22265625 0.6658203125 0.0578125 0.054296875
0 0.640625 0.9294921875 0.05 0.057421875
0 0.4330078125 0.9689453125 0.058203125 0.048046875
0 0.3453125 0.8232421875 0.05625 0.057421875
0 0.0841796875 0.8525390625 0.057421875 0.055078125
