0 0.07421875 0.219140625 0.04296875 0.03046875
0 0.419921875 0.13046875 0.0390625 0.0390625
0 0.42734375 0.5998046875 0.028125 0.025390625
0 0.331640625 0.609765625 0.028125 0.03359375
0 0.2443359375 0.380859375 0.024609375 0.02890625
0 0.1904296875 0.2974609375 0.028515625 0.028515625
0 0.6166015625 0.573046875 0.027734375 0.0234375
0 0.594921875 0.5482421875 0.0296875 0.026171875
0 0.7853515625 0.6466796875 0.033203125 0.024609375
0 0.6625 0.66796875 0.02890625 0.028125
0 0.7453125 0.83125 0.03359375 0.02890625
0 0.8177734375 0.704296875 0.032421875 0.02421875
0 0.8537109375 0.8072265625 0.030859375 0.027734375
0 0.408984375 0.9291015625 0.03203125 0.026171875
0 0.76953125 0.861328125 0.03046875 0.0328125
0 0.493359375 0.6130859375 0.025 0.029296875
0 0.3015625 0.5125 0.025 0.034375
0 0.2685546875 0.5580078125 0.033203125 0.023046875
