0 0.993359375 0.2666015625 0.01328125 0.031640625
0 0.7390625 0.179296875 0.02734375 0.03125
0 0.70234375 0.1765625 0.0328125 0.0375
0 0.774609375 0.280078125 0.034375 0.03671875
0 0.78046875 0.35859375 0.03203125 0.03671875
0 0.5833984375 0.2111328125 0.041015625 0.037890625
0 0.5880859375 0.2607421875 0.035546875 0.032421875
0 0.5837890625 0.300390625 0.041015625 0.0359375
0 0.419921875 0.19609375 0.034375 0.04765625
0 0.4509765625 0.2279296875 0.035546875 0.037109375
0 0.4619140625 0.2671875 0.044140625 0.03359375
0 0.47421875 0.303515625 0.040625 0.03046875
0 0.3650390625 0.1994140625 0.034765625 0.037109375
0 0.2908203125 0.216796875 0.036328125 0.04765625
0 0.256640625 0.2779296875 0.04140625 0.037890625
0 0.212890625 0.32890625 0.0375 0.0375
0 0.2794921875 0.3591796875 0.042578125 0.034765625
0 0.286328125 0.398828125 0.04140625 0.03203125
0 0.0146484375 0.3990234375 0.029296875 0.039453125
0 0.9263671875 0.638671875 0.040234375 0.0375
0 0.8970703125 0.7001953125 0.060546875 0.055078125
0 0.8310546875 0.6982421875 0.030859375 0.039453125
0 0.7873046875 0.719140625 0.035546875 0.04140625
0 0.734765625 0.705859375 0.034375 0.0359375
0 0.9146484375 0.8388671875 0.041015625 0.052734375
0 0.8505859375 0.838671875 0.062109375 0.0609375
0 0.7796875 0.8404296875 0.06328125 0.075390625
0 0.7052734375 0.8376953125 0.060546875 0.062109375
0 0.6353515625 0.846484375 0.063671875 0.0765625
0 0.5630859375 0.8525390625 0.066796875 0.076953125
0 0.4908203125 0.86171875 0.061328125 0.0671875
0 0.4197265625 0.8693359375 0.062890625 0.063671875
0 0.354296875 0.878515625 0.05234375 0.059375
0 0.288671875 0.874609375 0.03984375 0.03125
0 0.0138671875 0.8666015625 0.027734375 0.042578125
