0 0.3205078125 0.0140625 0.037890625 0.028125
0 0.391796875 0.1126953125 0.03046875 0.027734375
0 0.4255859375 0.1544921875 0.033203125 0.028515625
0 0.4486328125 0.1927734375 0.032421875 0.033984375
0 0.4787109375 0.2337890625 0.044921875 0.048046875
0 0.505859375 0.337890625 0.02734375 0.034375
0 0.501171875 0.41875 0.02734375 0.03203125
0 0.7361328125 0.287890625 0.030078125 0.03515625
0 0.48515625 0.6455078125 0.05234375 0.051953125
0 0.46796875 0.7486328125 0.034375 0.030078125
0 0.45546875 0.7986328125 0.0328125 0.028515625
0 0.3791015625 0.9291015625 0.048828125 0.047265625
0 0.3396484375 0.96171875 0.050390625 0.05234375
0 0.2373046875 0.993359375 0.042578125 0.01328125
