0 0.5255859375 0.1626953125 0.035546875 0.038671875
0 0.521875 0.2087890625 0.0359375 0.038671875
0 0.5248046875 0.2607421875 0.037109375 0.038671875
0 0.525390625 0.3134765625 0.03671875 0.038671875
0 0.5228515625 0.3583984375 0.035546875 0.037109375
0 0.603515625 0.4236328125 0.0484375 0.060546875
0 0.508203125 0.4732421875 0.059375 0.050390625
0 0.52109375 0.527734375 0.03515625 0.0375
0 0.5466796875 0.571875 0.041796875 0.03828125
0 0.51328125 0.63671875 0.06953125 0.065625
0 0.3185546875 0.7150390625 0.037109375 0.035546875
0 0.4732421875 0.7154296875 0.037890625 0.041015625
0 0.5283203125 0.7208984375 0.037109375 0.047265625
0 0.4041015625 0.7734375 0.047265625 0.0390625
0 0.44921875 0.8318359375 0.03671875 0.040234375
0 0.49453125 0.8236328125 0.03671875 0.036328125
0 0.3025390625 0.8345703125 0.037109375 0.035546875
0 0.470703125 0.93203125 0.040625 0.03828125
0 0.776953125 0.806640625 0.07421875 0.0703125
0 0.775390625 0.728515625 0.06171875 0.06328125
0 0.9271484375 0.8083984375 0.041015625 0.037890625
0 0.931640625 0.7306640625 0.07109375 0.065234375
0 0.9373046875 0.6521484375 0.076953125 0.068359375
0 0.7740234375 0.651171875 0.066796875 0.06796875
0 0.93671875 0.5673828125 0.07890625 0.069921875
0 0.7716796875 0.4951171875 0.073046875 0.069921875
0 0.9271484375 0.4736328125 0.062109375 0.065234375
0 0.9318359375 0.3810546875 0.068359375 0.065234375
0 0.7720703125 0.41640625 0.073046875 0.06953125
0 0.7712890625 0.3380859375 0.073828125 0.069921875
0 0.9279296875 0.2685546875 0.073828125 0.069140625
0 0.937890625 0.1650390625 0.075 0.069140625
0 0.7767578125 0.18359375 0.039453125 0.03671875
0 0.6841796875 0.2365234375 0.064453125 0.068359375
0 0.776171875 0.0578125 0.03671875 0.0359375
0 0.2509765625 0.135546875 0.037109375 0.04140625
0 0.295703125 0.1341796875 0.0375 0.037109375
0 0.341015625 0.154296875 0.0375 0.03828125
0 0.393359375 0.155859375 0.0375 0.0421875
