0 0.984765625 0.953125 0.028125 0.03203125
0 0.906640625 0.9626953125 0.0328125 0.029296875
0 0.925 0.9310546875 0.0390625 0.026953125
0 0.8876953125 0.8841796875 0.037109375 0.025390625
0 0.9087890625 0.8421875 0.038671875 0.03046875
0 0.8427734375 0.8421875 0.025390625 0.028125
0 0.8400390625 0.7736328125 0.027734375 0.036328125
0 0.764453125 0.791796875 0.02890625 0.03515625
0 0.7318359375 0.7830078125 0.027734375 0.035546875
0 0.823828125 0.6626953125 0.04296875 0.048828125
0 0.85546875 0.6357421875 0.0296875 0.030859375
0 0.871484375 0.605078125 0.028125 0.0296875
0 0.7841796875 0.6765625 0.025390625 0.03125
0 0.750390625 0.6771484375 0.028125 0.033984375
0 0.7158203125 0.67734375 0.026953125 0.03125
0 0.683984375 0.6875 0.03125 0.03359375
0 0.6515625 0.77578125 0.02890625 0.03359375
0 0.899609375 0.53984375 0.02734375 0.0265625
0 0.9357421875 0.462109375 0.036328125 0.0296875
0 0.926171875 0.3513671875 0.034375 0.028515625
0 0.914453125 0.3224609375 0.028125 0.028515625
0 0.906640625 0.2892578125 0.0328125 0.028515625
0 0.8919921875 0.2626953125 0.026953125 0.028515625
0 0.8662109375 0.23828125 0.027734375 0.03046875
0 0.9384765625 0.1619140625 0.031640625 0.029296875
0 0.8154296875 0.1912109375 0.026171875 0.029296875
0 0.780078125 0.1806640625 0.02421875 0.030859375
0 0.7427734375 0.1767578125 0.028515625 0.030078125
0 0.7099609375 0.1763671875 0.029296875 0.027734375
0 0.679296875 0.1716796875 0.0265625 0.032421875
0 0.6490234375 0.1486328125 0.029296875 0.030859375
0 0.397265625 0.1541015625 0.015625 0.022265625
0 0.37109375 0.1537109375 0.0171875 0.025390625
0 0.345703125 0.1583984375 0.01875 0.026953125
0 0.3169921875 0.166015625 0.021484375 0.0234375
0 0.205078125 0.1728515625 0.01875 0.024609375
0 0.1833984375 0.17421875 0.016015625 0.0234375
0 0.144140625 0.168359375 0.01875 0.0234375
0 0.11953125 0.1732421875 0.01875 0.023046875
0 0.0728515625 0.1689453125 0.021484375 0.016015625
0 0.06328125 0.222265625 0.0203125 0.01640625
0 0.119140625 0.22734375 0.0203125 0.015625
0 0.1525390625 0.234375 0.020703125 0.01640625
0 0.20078125 0.0392578125 0.0328125 0.018359375
0 0.1740234375 0.28984375 0.021484375 0.02421875
0 0.156640625 0.3302734375 0.02421875 0.019921875
0 0.1509765625 0.3525390625 0.026953125 0.019140625
0 0.133984375 0.3736328125 0.02734375 0.022265625
0 0.1408203125 0.4017578125 0.026953125 0.019921875
0 0.137109375 0.4544921875 0.0296875 0.019140625
0 0.069921875 0.4763671875 0.02265625 0.017578125
0 0.158984375 0.526171875 0.02734375 0.01953125
0 0.1 0.51328125 0.0203125 0.0171875
0 0.07734375 0.5833984375 0.028125 0.017578125
0 0.0888671875 0.609375 0.024609375 0.0171875
0 0.106640625 0.6318359375 0.021875 0.017578125
0 0.1255859375 0.6533203125 0.023046875 0.020703125
0 0.18046875 0.569140625 0.025 0.02109375
0 0.19609375 0.5927734375 0.02421875 0.023046875
0 0.232421875 0.6291015625 0.02265625 0.023828125
0 0.3275390625 0.6607421875 0.021484375 0.027734375
0 0.355859375 0.6662109375 0.02421875 0.026953125
0 0.3814453125 0.733203125 0.023046875 0.01953125
0 0.383984375 0.7548828125 0.02890625 0.021484375
0 0.4 0.8236328125 0.02890625 0.031640625
0 0.2986328125 0.817578125 0.030078125 0.03046875
0 0.1375 0.9740234375 0.053125 0.048828125
