0 0.3009765625 0.092578125 0.015234375 0.02421875
0 0.2171875 0.0990234375 0.01796875 0.023828125
0 0.161328125 0.1353515625 0.02421875 0.016796875
0 0.331640625 0.1220703125 0.0296875 0.022265625
0 0.4232421875 0.1451171875 0.021484375 0.029296875
0 0.34375 0.155859375 0.0171875 0.025
0 0.3154296875 0.162109375 0.022265625 0.0265625
0 0.2892578125 0.1677734375 0.021484375 0.026953125
0 0.2673828125 0.1791015625 0.023828125 0.026171875
0 0.676171875 0.1697265625 0.03125 0.036328125
0 0.7103515625 0.1751953125 0.030078125 0.026171875
0 0.95546875 0.2630859375 0.02421875 0.034765625
0 0.07734375 0.5830078125 0.03203125 0.020703125
0 0.123828125 0.6541015625 0.02421875 0.020703125
0 0.14765625 0.6740234375 0.02421875 0.022265625
0 0.3916015625 0.7064453125 0.033984375 0.020703125
0 0.64765625 0.6837890625 0.02734375 0.030859375
0 0.68359375 0.6830078125 0.02578125 0.030859375
0 0.715625 0.677734375 0.03125 0.0359375
0 0.384765625 0.6744140625 0.02421875 0.027734375
0 0.2041015625 0.1779296875 0.016015625 0.029296875
0 0.1826171875 0.1755859375 0.016015625 0.023828125
0 0.16171875 0.1724609375 0.01796875 0.022265625
0 0.10859375 0.191796875 0.0234375 0.01796875
0 0.103515625 0.2109375 0.03125 0.0171875
0 0.1505859375 0.23671875 0.026171875 0.01875
0 0.190625 0.240625 0.025 0.01640625
0 0.183203125 0.26796875 0.02265625 0.01796875
0 0.0962890625 0.3400390625 0.019921875 0.030859375
0 0.151953125 0.3517578125 0.02734375 0.020703125
0 0.140234375 0.4021484375 0.025 0.019140625
0 0.1294921875 0.42734375 0.026171875 0.01953125
0 0.13515625 0.4541015625 0.02890625 0.019921875
0 0.148828125 0.473828125 0.02265625 0.025
0 0.2142578125 0.611328125 0.025390625 0.02421875
0 0.25703125 0.639453125 0.02265625 0.028125
0 0.2779296875 0.659375 0.023046875 0.02421875
0 0.3009765625 0.6662109375 0.022265625 0.029296875
0 0.3263671875 0.661328125 0.021484375 0.0265625
0 0.3546875 0.6654296875 0.02265625 0.033984375
0 0.7826171875 0.173828125 0.038671875 0.04453125
0 0.8169921875 0.193359375 0.034765625 0.03515625
0 0.8390625 0.2166015625 0.0296875 0.028515625
0 0.8658203125 0.241015625 0.030859375 0.03203125
0 0.9046875 0.28984375 0.04296875 0.03125
0 0.9134765625 0.323046875 0.039453125 0.0296875
0 0.9234375 0.3533203125 0.04140625 0.027734375
0 0.9283203125 0.390234375 0.048046875 0.040625
0 0.9294921875 0.430078125 0.043359375 0.03203125
0 0.9302734375 0.462109375 0.036328125 0.0265625
0 0.898046875 0.5396484375 0.040625 0.029296875
0 0.8896484375 0.578125 0.037890625 0.03203125
0 0.8748046875 0.609765625 0.037890625 0.03359375
0 0.8548828125 0.6369140625 0.028515625 0.033984375
0 0.8212890625 0.654296875 0.026953125 0.03359375
0 0.790234375 0.676171875 0.0265625 0.0328125
0 0.7513671875 0.68046875 0.029296875 0.03828125
0 0.385546875 0.753125 0.0328125 0.025
0 0.40078125 0.8 0.0265625 0.03984375
0 0.213671875 0.819140625 0.053125 0.0515625
0 0.1365234375 0.973828125 0.054296875 0.04453125
0 0.8861328125 0.808984375 0.026953125 0.03984375
0 0.9443359375 0.8798828125 0.030078125 0.029296875
0 0.9275390625 0.9298828125 0.039453125 0.028515625
0 0.8248046875 0.818359375 0.028515625 0.0375
0 0.7974609375 0.791796875 0.022265625 0.0359375
0 0.762890625 0.78984375 0.02890625 0.0375
0 0.7283203125 0.782421875 0.025390625 0.03984375
0 0.690234375 0.775 0.03046875 0.0375
0 0.6494140625 0.7744140625 0.027734375 0.041796875
0 0.921484375 0.990234375 0.0328125 0.0171875
