0 0.7986328125 0.13984375 0.073828125 0.0609375
0 0.81484375 0.2259765625 0.075 0.083203125
0 0.815625 0.315625 0.07734375 0.0671875
0 0.63828125 0.1478515625 0.07421875 0.058203125
0 0.6470703125 0.220703125 0.079296875 0.0671875
0 0.65234375 0.2951171875 0.0765625 0.066015625
0 0.6626953125 0.368359375 0.072265625 0.05859375
0 0.37578125 0.1625 0.0671875 0.0515625
0 0.3826171875 0.2337890625 0.063671875 0.054296875
0 0.216796875 0.2603515625 0.06875 0.059765625
0 0.846875 0.56875 0.07890625 0.0875
0 0.852734375 0.6568359375 0.08125 0.083984375
0 0.8560546875 0.7390625 0.079296875 0.0671875
0 0.85859375 0.830859375 0.0703125 0.06640625
0 0.67421875 0.5666015625 0.0734375 0.062890625
0 0.68046875 0.641796875 0.07734375 0.05859375
0 0.6845703125 0.70859375 0.069140625 0.05859375
0 0.692578125 0.7826171875 0.06796875 0.060546875
0 0.70078125 0.8533203125 0.07265625 0.056640625
0 0.4091796875 0.594921875 0.069921875 0.0609375
0 0.4240234375 0.682421875 0.083203125 0.0828125
0 0.4296875 0.773046875 0.08359375 0.0609375
0 0.4328125 0.856640625 0.08125 0.06484375
0 0.265234375 0.8201171875 0.03515625 0.029296875
0 0.25625 0.6826171875 0.04609375 0.036328125
0 0.1123046875 0.8390625 0.044140625 0.0484375
0 0.0478515625 0.839453125 0.058203125 0.06015625
0 0.030859375 0.696484375 0.03359375 0.04140625
0 0.1267578125 0.637890625 0.041015625 0.03359375
0 0.0939453125 0.7 0.059765625 0.0578125
