0 0.0083984375 0.551953125 0.016796875 0.05078125
0 0.05234375 0.4658203125 0.0453125 0.048828125
0 0.107421875 0.4912109375 0.04765625 0.058984375
0 0.1607421875 0.51875 0.048046875 0.05859375
0 0.0431640625 0.5857421875 0.047265625 0.058203125
0 0.0974609375 0.608984375 0.048828125 0.05625
0 0.1564453125 0.6427734375 0.044921875 0.047265625
0 0.08984375 0.9794921875 0.059375 0.039453125
0 0.238671875 0.9857421875 0.0328125 0.026171875
0 0.261328125 0.9384765625 0.03203125 0.027734375
0 0.3673828125 0.9787109375 0.049609375 0.041015625
0 0.55703125 0.973828125 0.0328125 0.03125
0 0.8384765625 0.9669921875 0.030078125 0.044921875
0 0.95390625 0.87421875 0.02734375 0.03671875
0 0.687890625 0.8533203125 0.03828125 0.048046875
0 0.7619140625 0.8931640625 0.020703125 0.025390625
0 0.7919921875 0.9005859375 0.020703125 0.026171875
0 0.8216796875 0.8810546875 0.026953125 0.029296875
0 0.839453125 0.8501953125 0.034375 0.027734375
0 0.82734375 0.8154296875 0.03671875 0.030078125
0 0.8001953125 0.7962890625 0.027734375 0.033203125
0 0.7658203125 0.775390625 0.027734375 0.0296875
0 0.730859375 0.7556640625 0.028125 0.030078125
0 0.773828125 0.6837890625 0.02890625 0.034765625
0 0.8033203125 0.669140625 0.026171875 0.0296875
0 0.8689453125 0.690234375 0.029296875 0.03203125
0 0.9044921875 0.7029296875 0.028515625 0.031640625
0 0.9853515625 0.6830078125 0.026171875 0.031640625
0 0.9380859375 0.634765625 0.030859375 0.02890625
0 0.937890625 0.59609375 0.03046875 0.02890625
0 0.790234375 0.5501953125 0.0265625 0.019921875
0 0.809765625 0.5173828125 0.02890625 0.032421875
0 0.8755859375 0.4986328125 0.027734375 0.034765625
0 0.66640625 0.5486328125 0.0328125 0.030078125
0 0.6744140625 0.5134765625 0.034765625 0.026953125
0 0.6869140625 0.47734375 0.030859375 0.0265625
0 0.7509765625 0.4537109375 0.027734375 0.034765625
0 0.7978515625 0.3916015625 0.026953125 0.021484375
0 0.7078125 0.4068359375 0.03359375 0.030078125
0 0.6697265625 0.387109375 0.026171875 0.0328125
0 0.6267578125 0.3744140625 0.048828125 0.053515625
0 0.5806640625 0.474609375 0.026953125 0.0359375
0 0.5412109375 0.46875 0.029296875 0.03515625
0 0.4087890625 0.498046875 0.026953125 0.034375
0 0.343359375 0.555859375 0.02578125 0.0296875
0 0.3169921875 0.58515625 0.026953125 0.03203125
0 0.213671875 0.54453125 0.04921875 0.06328125
0 0.4919921875 0.421875 0.021484375 0.02578125
0 0.35625 0.3943359375 0.0296875 0.036328125
0 0.491796875 0.3216796875 0.02265625 0.018359375
0 0.40390625 0.289453125 0.046875 0.05390625
0 0.3521484375 0.2611328125 0.045703125 0.054296875
0 0.2998046875 0.203515625 0.018359375 0.0234375
0 0.2390625 0.2216796875 0.04609375 0.054296875
0 0.1970703125 0.2333984375 0.030859375 0.041796875
0 0.1783203125 0.2654296875 0.033203125 0.029296875
0 0.1759765625 0.3072265625 0.054296875 0.050390625
0 0.2306640625 0.3310546875 0.030859375 0.046484375
