0 0.8142578125 0.940234375 0.017578125 0.02890625
0 0.7880859375 0.981640625 0.027734375 0.02265625
0 0.8201171875 0.8802734375 0.030078125 0.032421875
0 0.75859375 0.91640625 0.021875 0.0265625
0 0.7259765625 0.92421875 0.023828125 0.0265625
0 0.6927734375 0.9263671875 0.019921875 0.026953125
0 0.8658203125 0.8318359375 0.023046875 0.028515625
0 0.8857421875 0.803515625 0.030078125 0.028125
0 0.914453125 0.7068359375 0.03203125 0.028515625
0 0.9140625 0.662890625 0.025 0.01875
0 0.9046875 0.544140625 0.028125 0.02265625
0 0.886328125 0.5171875 0.025 0.021875
0 0.7052734375 0.4087890625 0.027734375 0.030078125
0 0.9595703125 0.249609375 0.036328125 0.0296875
0 0.8869140625 0.2044921875 0.026953125 0.023046875
0 0.8556640625 0.226171875 0.030859375 0.0234375
0 0.8125 0.2826171875 0.025 0.026171875
0 0.7798828125 0.2822265625 0.027734375 0.030078125
0 0.74609375 0.2900390625 0.0296875 0.032421875
0 0.9005859375 0.1748046875 0.033984375 0.023828125
0 0.925 0.142578125 0.0328125 0.021875
0 0.921484375 0.10703125 0.03515625 0.02890625
0 0.92421875 0.0494140625 0.034375 0.025390625
0 0.9392578125 0.0171875 0.033984375 0.0234375
0 0.6822265625 0.2927734375 0.030859375 0.033203125
0 0.6640625 0.92734375 0.01875 0.0265625
0 0.640234375 0.9255859375 0.01640625 0.026171875
0 0.221484375 0.2552734375 0.02109375 0.026953125
0 0.3345703125 0.3765625 0.025390625 0.03203125
0 0.4123046875 0.24296875 0.020703125 0.02734375
0 0.3427734375 0.255078125 0.053515625 0.0578125
0 0.1375 0.0767578125 0.0359375 0.028515625
