0 0.2587890625 0.7068359375 0.043359375 0.044921875
0 0.3765625 0.81328125 0.0453125 0.0453125
0 0.440625 0.6265625 0.01796875 0.028125
0 0.4662109375 0.6171875 0.019140625 0.0265625
0 0.494140625 0.6072265625 0.0171875 0.026171875
0 0.59921875 0.562109375 0.02421875 0.02734375
0 0.650390625 0.5388671875 0.025 0.030078125
0 0.9185546875 0.46875 0.023046875 0.02890625
0 0.7751953125 0.5203125 0.024609375 0.02109375
0 0.7033203125 0.6046875 0.026171875 0.0203125
0 0.4802734375 0.785546875 0.023828125 0.02265625
0 0.411328125 0.7216796875 0.03125 0.021484375
0 0.533984375 0.7646484375 0.0296875 0.023046875
0 0.748046875 0.677734375 0.025 0.021875
0 0.8078125 0.60078125 0.0265625 0.021875
0 0.7958984375 0.572265625 0.026953125 0.021875
0 0.784375 0.54765625 0.0234375 0.01953125
0 0.859375 0.4650390625 0.0234375 0.022265625
0 0.891015625 0.5490234375 0.025 0.019140625
0 0.9017578125 0.5767578125 0.024609375 0.020703125
0 0.9134765625 0.6046875 0.023046875 0.0171875
0 0.9251953125 0.6322265625 0.023046875 0.019921875
