0 0.211328125 0.162890625 0.0625 0.07578125
0 0.85 0.1373046875 0.05859375 0.069140625
0 0.782421875 0.1650390625 0.06484375 0.080078125
0 0.707421875 0.196484375 0.0625 0.0734375
0 0.622265625 0.2244140625 0.06171875 0.069921875
0 0.54140625 0.2583984375 0.0671875 0.076171875
0 0.4572265625 0.28984375 0.071484375 0.0796875
0 0.379296875 0.3150390625 0.0703125 0.080859375
0 0.9755859375 0.1505859375 0.042578125 0.038671875
0 0.9517578125 0.202734375 0.045703125 0.040625
0 0.8619140625 0.37890625 0.070703125 0.0609375
0 0.97890625 0.3669921875 0.04140625 0.062890625
0 0.9654296875 0.43125 0.067578125 0.06640625
0 0.750390625 0.3904296875 0.03828125 0.044140625
0 0.6376953125 0.412890625 0.041796875 0.04375
0 0.5763671875 0.4341796875 0.042578125 0.042578125
0 0.80859375 0.4916015625 0.04140625 0.041796875
0 0.7294921875 0.5240234375 0.036328125 0.041015625
0 0.66015625 0.5462890625 0.0359375 0.046484375
0 0.6181640625 0.564453125 0.043359375 0.040625
0 0.580859375 0.5796875 0.03515625 0.0390625
0 0.5400390625 0.597265625 0.038671875 0.0390625
0 0.4833984375 0.73125 0.070703125 0.0609375
0 0.172265625 0.8486328125 0.04375 0.037890625
0 0.334375 0.8939453125 0.04140625 0.055078125
0 0.287109375 0.9060546875 0.03828125 0.044140625
0 0.1810546875 0.94765625 0.048828125 0.05546875
0 0.1365234375 0.9630859375 0.030859375 0.037109375
0 0.417578125 0.966015625 0.078125 0.06484375
0 0.0845703125 0.984375 0.039453125 0.028125
0 0.2119140625 0.1587890625 0.060546875 0.077734375
0 0.3783203125 0.3158203125 0.067578125 0.080078125
0 0.45546875 0.2880859375 0.0703125 0.080078125
0 0.5400390625 0.259375 0.066015625 0.07578125
0 0.621484375 0.2255859375 0.06171875 0.068359375
0 0.706640625 0.1966796875 0.0640625 0.073046875
0 0.783984375 0.1658203125 0.06796875 0.079296875
0 0.8498046875 0.1365234375 0.058984375 0.066796875
0 0.9736328125 0.1494140625 0.041796875 0.037109375
0 0.951171875 0.205078125 0.04609375 0.0359375
0 0.8603515625 0.3779296875 0.065234375 0.061328125
0 0.751171875 0.3904296875 0.0359375 0.041796875
0 0.637109375 0.4123046875 0.03671875 0.042578125
0 0.576171875 0.4345703125 0.03828125 0.041015625
0 0.5384765625 0.5951171875 0.037109375 0.040234375
0 0.579296875 0.5798828125 0.0375 0.041796875
0 0.6173828125 0.5638671875 0.037890625 0.041015625
0 0.6583984375 0.54765625 0.037109375 0.04609375
0 0.7296875 0.52421875 0.0359375 0.040625
0 0.808203125 0.4912109375 0.0375 0.042578125
0 0.9650390625 0.4333984375 0.067578125 0.066015625
0 0.483984375 0.73125 0.06875 0.0609375
0 0.1728515625 0.8474609375 0.042578125 0.039453125
0 0.1359375 0.9619140625 0.03203125 0.041796875
0 0.1818359375 0.9474609375 0.048828125 0.055078125
0 0.2865234375 0.9048828125 0.035546875 0.040234375
0 0.3345703125 0.892578125 0.040234375 0.0546875
0 0.418359375 0.9654296875 0.078125 0.066796875
0 0.980078125 0.3677734375 0.04296875 0.062109375
0 0.0845703125 0.9837890625 0.037109375 0.030078125
