0 0.298046875 0.1552734375 0.03671875 0.036328125
0 0.39453125 0.156640625 0.05078125 0.059375
0 0.527734375 0.1658203125 0.046875 0.037890625
0 0.7779296875 0.187890625 0.065234375 0.06796875
0 0.933984375 0.1669921875 0.0703125 0.069921875
0 0.7701171875 0.2658203125 0.076171875 0.068359375
0 0.5197265625 0.2638671875 0.037109375 0.037109375
0 0.550390625 0.315625 0.03671875 0.0359375
0 0.522265625 0.36171875 0.0390625 0.0375
0 0.5203125 0.41484375 0.0390625 0.03515625
0 0.5091796875 0.4763671875 0.057421875 0.049609375
0 0.521875 0.5310546875 0.03984375 0.035546875
0 0.771484375 0.3435546875 0.06015625 0.065234375
0 0.93203125 0.38359375 0.06640625 0.0640625
0 0.78203125 0.4181640625 0.03671875 0.037109375
0 0.771875 0.49765625 0.075 0.06875
0 0.933203125 0.4783203125 0.07578125 0.072265625
0 0.7716796875 0.5767578125 0.069921875 0.063671875
0 0.9248046875 0.5716796875 0.061328125 0.064453125
0 0.6861328125 0.6185546875 0.054296875 0.060546875
0 0.60390625 0.660546875 0.03671875 0.040625
0 0.5244140625 0.5771484375 0.033203125 0.033984375
0 0.5140625 0.641015625 0.0609375 0.0515625
0 0.4744140625 0.719921875 0.033984375 0.03984375
0 0.4251953125 0.7169921875 0.034765625 0.037109375
0 0.3724609375 0.7205078125 0.036328125 0.037109375
0 0.319140625 0.721875 0.03828125 0.0390625
0 0.934375 0.65703125 0.065625 0.0625
0 0.9369140625 0.734765625 0.073046875 0.06953125
0 0.774609375 0.73125 0.0703125 0.06484375
0 0.781640625 0.8109375 0.07265625 0.0671875
0 0.509375 0.7759765625 0.03515625 0.036328125
0 0.4935546875 0.8265625 0.036328125 0.0375
0 0.34921875 0.83125 0.03671875 0.04375
0 0.421875 0.9373046875 0.06328125 0.067578125
