0 0.07890625 0.2646484375 0.06640625 0.082421875
0 0.146875 0.239453125 0.05703125 0.07421875
0 0.364453125 0.28984375 0.04296875 0.034375
0 0.3908203125 0.2373046875 0.056640625 0.048828125
0 0.4099609375 0.1779296875 0.042578125 0.034765625
0 0.44296875 0.1298828125 0.04609375 0.038671875
0 0.49921875 0.096875 0.04921875 0.0390625
0 0.5544921875 0.1353515625 0.037109375 0.036328125
0 0.575390625 0.21328125 0.03828125 0.0328125
0 0.403515625 0.3875 0.05625 0.0625
0 0.476953125 0.47578125 0.0703125 0.05859375
0 0.483984375 0.4001953125 0.040625 0.033984375
0 0.6365234375 0.4158203125 0.071484375 0.066015625
0 0.7712890625 0.29140625 0.058203125 0.06015625
0 0.835546875 0.32265625 0.04296875 0.05546875
0 0.89375 0.33515625 0.03125 0.03984375
0 0.8978515625 0.1986328125 0.048046875 0.052734375
0 0.76953125 0.1322265625 0.02890625 0.034765625
0 0.2244140625 0.35859375 0.041796875 0.03203125
0 0.1966796875 0.4169921875 0.041796875 0.033984375
0 0.16015625 0.477734375 0.0609375 0.0578125
0 0.137890625 0.5361328125 0.0421875 0.035546875
0 0.06640625 0.6037109375 0.03515625 0.041796875
0 0.0236328125 0.6232421875 0.028515625 0.039453125
0 0.27734375 0.249609375 0.0359375 0.0296875
0 0.508203125 0.346875 0.04453125 0.03203125
0 0.2921875 0.4638671875 0.0671875 0.057421875
