0 0.4291015625 0.1279296875 0.042578125 0.039453125
0 0.7072265625 0.2216796875 0.070703125 0.081640625
0 0.62109375 0.2580078125 0.06171875 0.057421875
0 0.46796875 0.3267578125 0.05390625 0.054296875
0 0.4271484375 0.2654296875 0.059765625 0.054296875
0 0.3759765625 0.21953125 0.070703125 0.0796875
0 0.3021484375 0.2212890625 0.070703125 0.077734375
0 0.2259765625 0.2228515625 0.069921875 0.080078125
0 0.1634765625 0.263671875 0.076171875 0.06328125
0 0.169140625 0.3587890625 0.08359375 0.070703125
0 0.2958984375 0.3671875 0.066796875 0.0765625
0 0.500390625 0.6046875 0.065625 0.0578125
0 0.3748046875 0.425390625 0.071484375 0.0640625
0 0.416015625 0.48671875 0.0625 0.0640625
0 0.4587890625 0.5451171875 0.066015625 0.055859375
0 0.9853515625 0.933203125 0.028515625 0.06015625
0 0.930078125 0.9107421875 0.0359375 0.052734375
0 0.8884765625 0.94375 0.038671875 0.04140625
0 0.8197265625 0.9255859375 0.069921875 0.084765625
0 0.6453125 0.84921875 0.03984375 0.03671875
0 0.6181640625 0.8095703125 0.038671875 0.034765625
0 0.2982421875 0.615234375 0.076171875 0.059375
0 0.343359375 0.6822265625 0.06484375 0.059765625
0 0.3921875 0.7462890625 0.06171875 0.061328125
0 0.16015625 0.647265625 0.06171875 0.0546875
0 0.2125 0.711328125 0.059375 0.0578125
0 0.2548828125 0.7767578125 0.056640625 0.048828125
0 0.3021484375 0.84296875 0.055859375 0.04921875
0 0.3404296875 0.912890625 0.066015625 0.05625
