0 0.7626953125 0.07734375 0.033203125 0.0328125
0 0.84609375 0.24609375 0.02890625 0.03359375
0 0.6888671875 0.151953125 0.030078125 0.040625
0 0.7248046875 0.173828125 0.027734375 0.0375
0 0.7611328125 0.194921875 0.023828125 0.02890625
0 0.1806640625 0.3890625 0.059765625 0.0484375
0 0.20703125 0.3361328125 0.05859375 0.048046875
0 0.3662109375 0.280078125 0.058203125 0.05234375
0 0.3373046875 0.334765625 0.053515625 0.05078125
0 0.5521484375 0.2734375 0.030859375 0.02890625
0 0.5494140625 0.309375 0.033984375 0.0265625
0 0.5166015625 0.332421875 0.025390625 0.02734375
0 0.4927734375 0.3544921875 0.030078125 0.026953125
0 0.479296875 0.384765625 0.03125 0.028125
0 0.4923828125 0.4150390625 0.031640625 0.027734375
0 0.2796875 0.4490234375 0.06328125 0.053515625
0 0.1732421875 0.5302734375 0.033984375 0.031640625
0 0.4373046875 0.6341796875 0.031640625 0.026953125
0 0.6939453125 0.545703125 0.024609375 0.03515625
0 0.7052734375 0.6458984375 0.016015625 0.022265625
0 0.636328125 0.6263671875 0.02890625 0.033984375
0 0.5376953125 0.688671875 0.058984375 0.05
0 0.4796875 0.734375 0.03515625 0.02890625
0 0.6361328125 0.7705078125 0.028515625 0.034765625
0 0.8130859375 0.8763671875 0.037109375 0.030078125
0 0.9005859375 0.8876953125 0.030078125 0.041015625
0 0.7587890625 0.940625 0.030078125 0.03671875
0 0.7087890625 0.9650390625 0.040234375 0.035546875
0 0.2013671875 0.4783203125 0.028515625 0.033984375
0 0.9037109375 0.0091796875 0.029296875 0.014453125
