0 0.0826171875 0.0412109375 0.037890625 0.030859375
0 0.148046875 0.0658203125 0.02109375 0.027734375
0 0.3001953125 0.09375 0.019140625 0.0265625
0 0.276953125 0.0958984375 0.021875 0.032421875
0 0.2482421875 0.0994140625 0.022265625 0.032421875
0 0.2185546875 0.0982421875 0.022265625 0.030859375
0 0.35625 0.15703125 0.02109375 0.03203125
0 0.333984375 0.166015625 0.021875 0.034375
0 0.290625 0.175 0.021875 0.03125
0 0.2677734375 0.183203125 0.023046875 0.0328125
0 0.22421875 0.20703125 0.01875 0.02578125
0 0.204296875 0.178515625 0.01953125 0.02734375
0 0.1833984375 0.179296875 0.018359375 0.0265625
0 0.160546875 0.17890625 0.01953125 0.02421875
0 0.1095703125 0.196484375 0.023046875 0.01953125
0 0.108203125 0.216015625 0.03125 0.01796875
0 0.1236328125 0.2318359375 0.023828125 0.017578125
0 0.071875 0.2376953125 0.021875 0.030859375
0 0.193359375 0.2423828125 0.02109375 0.018359375
0 0.1865234375 0.2720703125 0.024609375 0.019140625
0 0.1619140625 0.336328125 0.021484375 0.0171875
0 0.15078125 0.355859375 0.028125 0.01875
0 0.137109375 0.3744140625 0.02265625 0.023046875
0 0.0974609375 0.3958984375 0.022265625 0.036328125
0 0.0646484375 0.419921875 0.033203125 0.0234375
0 0.1322265625 0.4326171875 0.026953125 0.019921875
0 0.135546875 0.452734375 0.02890625 0.01953125
0 0.1462890625 0.494140625 0.025390625 0.01953125
0 0.15390625 0.51484375 0.02890625 0.02109375
0 0.0078125 0.5306640625 0.01484375 0.028515625
0 0.069921875 0.5400390625 0.02578125 0.019140625
0 0.076171875 0.5859375 0.025 0.01875
0 0.0916015625 0.61328125 0.023046875 0.01953125
0 0.1076171875 0.6353515625 0.019921875 0.015234375
0 0.1240234375 0.657421875 0.024609375 0.01875
0 0.1791015625 0.569140625 0.026171875 0.02109375
0 0.189453125 0.58828125 0.02265625 0.0234375
0 0.1794921875 0.628515625 0.026953125 0.02578125
0 0.7427734375 0.178515625 0.037109375 0.0390625
0 0.7087890625 0.1845703125 0.030859375 0.031640625
0 0.8134765625 0.1931640625 0.030078125 0.037890625
0 0.8443359375 0.2158203125 0.033203125 0.033984375
0 0.901953125 0.29453125 0.03203125 0.03515625
0 0.93046875 0.4328125 0.03359375 0.0296875
0 0.891015625 0.579296875 0.0390625 0.034375
0 0.866015625 0.687890625 0.03828125 0.03125
0 0.720703125 0.7322265625 0.03671875 0.030078125
0 0.388671875 0.7125 0.03203125 0.02421875
0 0.381640625 0.7353515625 0.02734375 0.024609375
0 0.1171875 0.712109375 0.0296875 0.02265625
0 0.0080078125 0.7662109375 0.015234375 0.033984375
0 0.6921875 0.7783203125 0.040625 0.048046875
0 0.651953125 0.7828125 0.03046875 0.0390625
0 0.9783203125 0.631640625 0.036328125 0.03515625
0 0.8025390625 0.7974609375 0.029296875 0.037890625
0 0.94296875 0.8115234375 0.03515625 0.036328125
0 0.9642578125 0.834375 0.033984375 0.03046875
0 0.8923828125 0.8880859375 0.034765625 0.033984375
0 0.3685546875 0.8216796875 0.031640625 0.041796875
0 0.2564453125 0.825390625 0.033203125 0.03984375
0 0.216796875 0.8263671875 0.02890625 0.035546875
0 0.1359375 0.81796875 0.0359375 0.03515625
0 0.1412109375 0.874609375 0.045703125 0.0390625
0 0.13984375 0.92265625 0.05859375 0.05390625
0 0.1390625 0.9744140625 0.06875 0.048828125
0 0.6849609375 0.6904296875 0.031640625 0.037109375
0 0.989453125 0.40078125 0.0265625 0.03359375
