0 0.0298828125 0.6234375 0.027734375 0.025
0 0.0388671875 0.6521484375 0.028515625 0.024609375
0 0.048046875 0.680859375 0.0265625 0.02578125
0 0.0650390625 0.73984375 0.026953125 0.028125
0 0.09296875 0.5908203125 0.04765625 0.051953125
0 0.173828125 0.6267578125 0.0234375 0.033203125
0 0.2138671875 0.6498046875 0.047265625 0.055859375
0 0.30234375 0.728125 0.0328125 0.02890625
0 0.2853515625 0.7658203125 0.028515625 0.026953125
0 0.40390625 0.7900390625 0.0578125 0.043359375
0 0.431640625 0.74296875 0.05078125 0.04453125
0 0.4337890625 0.618359375 0.041015625 0.04765625
0 0.340625 0.5767578125 0.04140625 0.058984375
0 0.2958984375 0.5529296875 0.039453125 0.048828125
0 0.2482421875 0.5328125 0.043359375 0.053125
0 0.2080078125 0.516796875 0.036328125 0.03515625
0 0.15625 0.4564453125 0.04609375 0.043359375
0 0.2193359375 0.4349609375 0.042578125 0.041796875
0 0.2970703125 0.42578125 0.039453125 0.0515625
0 0.4076171875 0.480859375 0.039453125 0.05234375
0 0.4669921875 0.5044921875 0.042578125 0.055859375
0 0.5767578125 0.5458984375 0.048046875 0.054296875
0 0.629296875 0.5306640625 0.0515625 0.055078125
0 0.619140625 0.651171875 0.0265625 0.03515625
0 0.6650390625 0.6361328125 0.046484375 0.051953125
0 0.56484375 0.7212890625 0.046875 0.042578125
0 0.5201171875 0.809765625 0.028515625 0.02734375
0 0.526171875 0.3830078125 0.04375 0.055078125
0 0.720703125 0.36875 0.02890625 0.0359375
0 0.70234375 0.3009765625 0.0296875 0.026953125
0 0.8072265625 0.2955078125 0.036328125 0.024609375
0 0.794921875 0.268359375 0.034375 0.0265625
0 0.7861328125 0.237109375 0.037109375 0.0296875
0 0.915234375 0.2171875 0.05859375 0.04765625
0 0.933203125 0.2666015625 0.05546875 0.042578125
0 0.95 0.311328125 0.053125 0.04609375
0 0.9306640625 0.375 0.059765625 0.05234375
0 0.8224609375 0.4640625 0.030078125 0.0359375
0 0.7783203125 0.47890625 0.041015625 0.0484375
0 0.728125 0.4951171875 0.04375 0.046484375
0 0.8236328125 0.58046875 0.044921875 0.05
0 0.8740234375 0.5634765625 0.044921875 0.050390625
0 0.9291015625 0.5453125 0.041796875 0.0453125
0 0.7599609375 0.601953125 0.044140625 0.05234375
0 0.8619140625 0.715625 0.050390625 0.04453125
0 0.8765625 0.76640625 0.05625 0.04609375
0 0.474609375 0.912890625 0.0453125 0.04453125
0 0.3576171875 0.8875 0.049609375 0.0421875
0 0.25234375 0.8626953125 0.0234375 0.020703125
