0 0.1216796875 0.0515625 0.051171875 0.04921875
0 0.2494140625 0.1712890625 0.040234375 0.027734375
0 0.264453125 0.22421875 0.0375 0.02890625
0 0.373828125 0.1521484375 0.06015625 0.050390625
0 0.3994140625 0.213671875 0.044140625 0.04609375
0 0.4341796875 0.323046875 0.048046875 0.046875
0 0.297265625 0.323828125 0.03515625 0.02734375
0 0.3140625 0.37265625 0.03515625 0.028125
0 0.45 0.37734375 0.04921875 0.04609375
0 0.4677734375 0.434375 0.058984375 0.0484375
0 0.4859375 0.4873046875 0.0484375 0.044921875
0 0.3478515625 0.46875 0.032421875 0.025
0 0.3298828125 0.4205078125 0.033203125 0.028515625
0 0.3896484375 0.5671875 0.016796875 0.01484375
0 0.3986328125 0.6189453125 0.033203125 0.026953125
0 0.4779296875 0.66015625 0.046484375 0.04921875
0 0.540234375 0.6521484375 0.06015625 0.046484375
0 0.5884765625 0.8478515625 0.029296875 0.026171875
0 0.4576171875 0.866796875 0.038671875 0.02578125
0 0.4654296875 0.9046875 0.029296875 0.02421875
0 0.477734375 0.934375 0.03046875 0.0234375
0 0.6228515625 0.940234375 0.037109375 0.02265625
0 0.631640625 0.9728515625 0.03046875 0.022265625
