0 0.7388671875 0.841796875 0.025390625 0.02265625
0 0.6685546875 0.8234375 0.025390625 0.02265625
0 0.68046875 0.796875 0.025 0.02265625
0 0.7177734375 0.7095703125 0.025390625 0.023046875
0 0.727734375 0.6833984375 0.0234375 0.023046875
0 0.738671875 0.6576171875 0.02578125 0.023046875
0 0.76171875 0.60390625 0.02578125 0.0234375
0 0.8048828125 0.4994140625 0.026953125 0.023046875
0 0.8390625 0.42109375 0.025 0.02265625
0 0.9658203125 0.32265625 0.022265625 0.02734375
0 0.9814453125 0.1142578125 0.037109375 0.041015625
0 0.877734375 0.03515625 0.04140625 0.04296875
