0 0.2966796875 0.0095703125 0.037109375 0.019140625
0 0.368359375 0.010546875 0.0421875 0.01953125
0 0.4818359375 0.0095703125 0.037890625 0.018359375
0 0.855859375 0.008203125 0.02265625 0.01640625
0 0.889453125 0.0080078125 0.01875 0.016015625
0 0.925 0.0060546875 0.0234375 0.012109375
0 0.2900390625 0.1779296875 0.036328125 0.030859375
0 0.365625 0.17421875 0.03671875 0.03671875
0 0.447265625 0.176171875 0.03671875 0.03515625
0 0.483984375 0.175 0.03359375 0.0328125
0 0.5208984375 0.175390625 0.031640625 0.0359375
0 0.6404296875 0.17578125 0.032421875 0.0359375
0 0.6763671875 0.1771484375 0.033984375 0.033984375
0 0.710546875 0.175390625 0.0328125 0.03671875
0 0.7904296875 0.17734375 0.030078125 0.03359375
0 0.8330078125 0.18125 0.029296875 0.03359375
0 0.8365234375 0.2814453125 0.031640625 0.037890625
0 0.8017578125 0.2814453125 0.032421875 0.031640625
0 0.7146484375 0.2783203125 0.030859375 0.035546875
0 0.676953125 0.27890625 0.03203125 0.034375
0 0.639453125 0.292578125 0.034375 0.03125
0 0.553515625 0.296484375 0.034375 0.03515625
0 0.6283203125 0.392578125 0.038671875 0.03203125
0 0.4806640625 0.2775390625 0.033203125 0.033984375
0 0.4447265625 0.277734375 0.029296875 0.0328125
0 0.3642578125 0.2767578125 0.029296875 0.034765625
0 0.3279296875 0.2759765625 0.033203125 0.035546875
0 0.2888671875 0.2787109375 0.036328125 0.033203125
0 0.3306640625 0.5044921875 0.042578125 0.037109375
0 0.1728515625 0.5734375 0.031640625 0.03046875
0 0.2501953125 0.5751953125 0.036328125 0.032421875
0 0.4810546875 0.5744140625 0.031640625 0.034765625
0 0.5357421875 0.57109375 0.036328125 0.0359375
0 0.68203125 0.575390625 0.03359375 0.03671875
0 0.765625 0.57578125 0.03203125 0.0359375
0 0.89296875 0.57890625 0.025 0.03203125
0 0.8689453125 0.707421875 0.025390625 0.02890625
0 0.98359375 0.712890625 0.02578125 0.03046875
0 0.7595703125 0.7095703125 0.035546875 0.041015625
0 0.713671875 0.7052734375 0.034375 0.044140625
0 0.46640625 0.701953125 0.0546875 0.05078125
0 0.37265625 0.7048828125 0.03515625 0.033984375
0 0.33203125 0.7068359375 0.03125 0.037109375
0 0.2810546875 0.7029296875 0.035546875 0.034765625
0 0.206640625 0.7091796875 0.0296875 0.037109375
0 0.169140625 0.70703125 0.0328125 0.0375
