0 0.46796875 0.3455078125 0.0390625 0.029296875
0 0.3857421875 0.4220703125 0.039453125 0.035546875
0 0.225 0.3728515625 0.025 0.022265625
0 0.2318359375 0.4814453125 0.030078125 0.032421875
0 0.2341796875 0.578515625 0.023828125 0.025
0 0.46640625 0.5251953125 0.0390625 0.033984375
0 0.382421875 0.49609375 0.03984375 0.02890625
0 0.3828125 0.5357421875 0.0375 0.032421875
0 0.3275390625 0.5462890625 0.026953125 0.037890625
0 0.466015625 0.5701171875 0.03828125 0.029296875
0 0.468359375 0.6283203125 0.03828125 0.033203125
0 0.3837890625 0.6802734375 0.039453125 0.030078125
0 0.4671875 0.7033203125 0.04296875 0.033984375
0 0.4677734375 0.7427734375 0.039453125 0.035546875
0 0.3505859375 0.7224609375 0.039453125 0.029296875
0 0.2263671875 0.7103515625 0.040234375 0.036328125
0 0.3859375 0.7685546875 0.03984375 0.031640625
0 0.3830078125 0.81328125 0.041015625 0.028125
0 0.230078125 0.8158203125 0.03515625 0.031640625
0 0.7521484375 0.4107421875 0.035546875 0.028515625
0 0.7119140625 0.4515625 0.037890625 0.02890625
0 0.709765625 0.4892578125 0.03671875 0.030859375
0 0.6169921875 0.4837890625 0.041015625 0.028515625
0 0.6158203125 0.5533203125 0.032421875 0.030859375
0 0.7119140625 0.5607421875 0.037890625 0.026953125
0 0.7076171875 0.6787109375 0.035546875 0.028515625
0 0.6216796875 0.677734375 0.042578125 0.03125
0 0.621484375 0.71484375 0.04140625 0.0296875
0 0.6205078125 0.7505859375 0.037890625 0.030078125
0 0.622265625 0.7873046875 0.0390625 0.028515625
0 0.6201171875 0.8216796875 0.040234375 0.026953125
0 0.7017578125 0.7509765625 0.034765625 0.030078125
0 0.70859375 0.821484375 0.040625 0.02890625
0 0.857421875 0.3828125 0.03359375 0.02578125
0 0.8560546875 0.4166015625 0.033203125 0.026171875
0 0.81484375 0.4548828125 0.028125 0.026953125
0 0.85703125 0.660546875 0.0328125 0.03359375
0 0.858984375 0.69296875 0.03203125 0.03125
0 0.861328125 0.7275390625 0.0328125 0.030859375
0 0.858203125 0.79140625 0.0328125 0.03359375
0 0.226171875 0.905859375 0.034375 0.028125
0 0.3828125 0.852734375 0.040625 0.03359375
0 0.3859375 0.89140625 0.03828125 0.03125
0 0.4701171875 0.816015625 0.034765625 0.03046875
0 0.4744140625 0.8521484375 0.037109375 0.030078125
0 0.469921875 0.8873046875 0.03828125 0.030859375
0 0.6189453125 0.85703125 0.038671875 0.02734375
0 0.626953125 0.8931640625 0.03984375 0.034765625
0 0.7056640625 0.890625 0.037890625 0.03046875
0 0.7787109375 0.9716796875 0.033984375 0.037890625
0 0.949609375 0.3798828125 0.03125 0.024609375
0 0.8705078125 0.8939453125 0.030078125 0.031640625
0 0.941796875 0.89921875 0.02890625 0.0296875
