0 0.947265625 0.3931640625 0.05 0.052734375
0 0.78359375 0.45859375 0.04609375 0.0453125
0 0.53671875 0.387109375 0.03125 0.03671875
0 0.6591796875 0.4701171875 0.034765625 0.026171875
0 0.6615234375 0.3203125 0.033203125 0.02265625
0 0.65703125 0.573828125 0.05625 0.05
0 0.6619140625 0.6783203125 0.033984375 0.029296875
0 0.4798828125 0.5501953125 0.019921875 0.016015625
0 0.4875 0.6453125 0.02734375 0.02109375
0 0.4865234375 0.67734375 0.023828125 0.01796875
0 0.4861328125 0.7056640625 0.024609375 0.019921875
0 0.4830078125 0.7693359375 0.030078125 0.028515625
0 0.476171875 0.80234375 0.0328125 0.02734375
0 0.4005859375 0.7654296875 0.030078125 0.028515625
0 0.4056640625 0.6970703125 0.025390625 0.016015625
0 0.3484375 0.4759765625 0.02578125 0.019140625
0 0.234765625 0.792578125 0.02734375 0.0265625
0 0.397265625 0.39609375 0.0234375 0.02109375
0 0.487109375 0.26875 0.02265625 0.01796875
0 0.48203125 0.3138671875 0.0234375 0.019921875
0 0.489453125 0.3357421875 0.021875 0.020703125
0 0.3943359375 0.3263671875 0.024609375 0.020703125
0 0.396484375 0.3501953125 0.02421875 0.019921875
0 0.0798828125 0.1837890625 0.033203125 0.028515625
0 0.305078125 0.398828125 0.03125 0.02890625
0 0.1083984375 0.7662109375 0.026171875 0.039453125
0 0.2474609375 0.6634765625 0.029296875 0.030078125
0 0.2466796875 0.6970703125 0.033203125 0.023828125
0 0.1625 0.6931640625 0.03671875 0.032421875
0 0.2435546875 0.2505859375 0.033984375 0.029296875
0 0.2546875 0.312890625 0.03203125 0.02734375
0 0.2501953125 0.3767578125 0.030078125 0.025390625
0 0.2513671875 0.4373046875 0.033203125 0.024609375
0 0.2533203125 0.469140625 0.030859375 0.028125
0 0.15625 0.316015625 0.0375 0.0265625
0 0.155078125 0.414453125 0.0359375 0.0265625
0 0.1578125 0.4435546875 0.03671875 0.025390625
0 0.01484375 0.2455078125 0.02734375 0.028515625
0 0.0130859375 0.28125 0.025390625 0.028125
0 0.012890625 0.3154296875 0.02578125 0.034765625
0 0.015625 0.4251953125 0.03125 0.032421875
0 0.016015625 0.46171875 0.03203125 0.0265625
0 0.015625 0.491796875 0.03125 0.028125
0 0.0123046875 0.544921875 0.024609375 0.03125
0 0.011328125 0.5806640625 0.02265625 0.030859375
0 0.0126953125 0.6146484375 0.025390625 0.029296875
0 0.011328125 0.65078125 0.02265625 0.0328125
0 0.012890625 0.7232421875 0.02578125 0.033984375
0 0.0140625 0.7591796875 0.028125 0.032421875
