0 0.9482421875 0.06171875 0.027734375 0.025
0 0.7376953125 0.1564453125 0.068359375 0.070703125
0 0.614453125 0.0861328125 0.0328125 0.029296875
0 0.7048828125 0.29453125 0.070703125 0.07109375
0 0.891015625 0.3162109375 0.03671875 0.035546875
0 0.5982421875 0.2123046875 0.028515625 0.035546875
0 0.9076171875 0.5412109375 0.033984375 0.038671875
0 0.8759765625 0.4203125 0.054296875 0.06015625
0 0.8220703125 0.4486328125 0.055078125 0.063671875
0 0.5537109375 0.4798828125 0.062890625 0.056640625
0 0.328125 0.3544921875 0.04609375 0.034765625
0 0.3591796875 0.41015625 0.054296875 0.04375
0 0.422265625 0.51640625 0.0546875 0.0515625
0 0.57890625 0.646875 0.03828125 0.03203125
0 0.384765625 0.63515625 0.0421875 0.03828125
0 0.468359375 0.696484375 0.03828125 0.0328125
0 0.484765625 0.8146484375 0.04453125 0.035546875
0 0.121484375 0.6416015625 0.05 0.044921875
0 0.2626953125 0.7390625 0.054296875 0.04609375
0 0.2736328125 0.798828125 0.043359375 0.03671875
0 0.590234375 0.817578125 0.03125 0.02109375
0 0.58671875 0.8458984375 0.0296875 0.020703125
0 0.590625 0.871875 0.0296875 0.01640625
0 0.416796875 0.8580078125 0.02890625 0.027734375
