0 0.042578125 0.072265625 0.0328125 0.03046875
0 0.2201171875 0.1833984375 0.042578125 0.044140625
0 0.261328125 0.2103515625 0.03046875 0.028515625
0 0.2966796875 0.2193359375 0.021484375 0.027734375
0 0.3169921875 0.223828125 0.018359375 0.01796875
0 0.3328125 0.242578125 0.0203125 0.02109375
0 0.33359375 0.2615234375 0.01328125 0.015234375
0 0.317578125 0.2677734375 0.0203125 0.022265625
0 0.3623046875 0.2552734375 0.020703125 0.023046875
0 0.3861328125 0.2720703125 0.020703125 0.023046875
0 0.37421875 0.294921875 0.0203125 0.021875
0 0.41171875 0.284765625 0.01796875 0.01953125
0 0.4271484375 0.28671875 0.016796875 0.01328125
0 0.4041015625 0.303125 0.016015625 0.01875
0 0.432421875 0.298046875 0.0203125 0.01953125
0 0.4240234375 0.314453125 0.014453125 0.01484375
0 0.489453125 0.3345703125 0.01875 0.019140625
0 0.48125 0.3537109375 0.01328125 0.016796875
0 0.505859375 0.3423828125 0.01875 0.019921875
0 0.5234375 0.35390625 0.01953125 0.021875
0 0.50859375 0.38046875 0.01796875 0.01953125
0 0.647265625 0.4458984375 0.02890625 0.026953125
0 0.7076171875 0.3333984375 0.029296875 0.024609375
0 0.7396484375 0.2767578125 0.031640625 0.024609375
0 0.0060546875 0.0419921875 0.011328125 0.024609375
0 0.987109375 0.3005859375 0.0265625 0.044140625
0 0.9681640625 0.348046875 0.044140625 0.04140625
0 0.9333984375 0.406640625 0.042578125 0.04140625
0 0.761328125 0.521484375 0.05703125 0.05078125
