0 0.9861328125 0.644921875 0.026171875 0.04765625
0 0.9306640625 0.5994140625 0.052734375 0.051953125
0 0.9203125 0.412109375 0.0546875 0.05234375
0 0.9556640625 0.3552734375 0.051171875 0.051953125
0 0.98046875 0.3021484375 0.03828125 0.046484375
0 0.6494140625 0.45859375 0.053515625 0.053125
0 0.6994140625 0.3330078125 0.028515625 0.023828125
0 0.750390625 0.2494140625 0.02890625 0.023828125
0 0.659375 0.2345703125 0.028125 0.024609375
0 0.5484375 0.3966796875 0.05078125 0.053515625
0 0.4998046875 0.3830078125 0.016015625 0.021484375
0 0.5048828125 0.36171875 0.011328125 0.0125
0 0.51875 0.3494140625 0.01328125 0.014453125
0 0.5046875 0.3447265625 0.01328125 0.014453125
0 0.4875 0.3359375 0.01796875 0.021875
0 0.474609375 0.35625 0.01796875 0.02265625
0 0.4259765625 0.285546875 0.011328125 0.0125
0 0.414453125 0.2962890625 0.01328125 0.015234375
0 0.429296875 0.2966796875 0.0140625 0.016015625
0 0.4203125 0.31484375 0.01171875 0.01328125
0 0.4056640625 0.3130859375 0.014453125 0.019140625
0 0.3755859375 0.27890625 0.024609375 0.0296875
0 0.3515625 0.258984375 0.0203125 0.02109375
0 0.3203125 0.25703125 0.0140625 0.015625
0 0.307421875 0.225390625 0.0171875 0.021875
0 0.292578125 0.225 0.01328125 0.0171875
0 0.291796875 0.209765625 0.01328125 0.0171875
0 0.279296875 0.23203125 0.01328125 0.01484375
0 0.254296875 0.2103515625 0.02421875 0.027734375
0 0.17109375 0.1546875 0.02421875 0.03125
0 0.1212890625 0.1330078125 0.043359375 0.053515625
