0 0.9001953125 0.1732421875 0.042578125 0.048046875
0 0.8279296875 0.137890625 0.055859375 0.06484375
0 0.7326171875 0.4037109375 0.032421875 0.031640625
0 0.7025390625 0.0359375 0.053515625 0.059375
0 0.6521484375 0.040234375 0.051171875 0.0609375
0 0.632421875 0.0134765625 0.04765625 0.026953125
0 0.72734375 0.5095703125 0.0265625 0.032421875
0 0.7763671875 0.5669921875 0.048828125 0.058203125
0 0.0798828125 0.5703125 0.059765625 0.04609375
0 0.2345703125 0.755859375 0.046484375 0.05703125
0 0.29296875 0.78671875 0.05546875 0.05859375
0 0.127734375 0.687109375 0.05703125 0.05625
0 0.057421875 0.6455078125 0.04453125 0.051171875
0 0.200390625 0.915625 0.0453125 0.05546875
0 0.25546875 0.9484375 0.04453125 0.053125
0 0.025 0.81171875 0.05 0.0640625
