0 0.1236328125 0.1623046875 0.068359375 0.082421875
0 0.1455078125 0.2505859375 0.076171875 0.067578125
0 0.130859375 0.341796875 0.0828125 0.06796875
0 0.3087890625 0.1888671875 0.065234375 0.071484375
0 0.6673828125 0.1439453125 0.074609375 0.059765625
0 0.44375 0.1580078125 0.07421875 0.062109375
0 0.3873046875 0.2244140625 0.072265625 0.063671875
0 0.3416015625 0.2904296875 0.074609375 0.064453125
0 0.311328125 0.3630859375 0.0671875 0.060546875
0 0.28203125 0.4345703125 0.0765625 0.066015625
0 0.6201171875 0.2091796875 0.066796875 0.055859375
0 0.58203125 0.2791015625 0.08125 0.065234375
0 0.5421875 0.36015625 0.08359375 0.07890625
0 0.487890625 0.429296875 0.0734375 0.06796875
0 0.834375 0.3509765625 0.0640625 0.076171875
0 0.9201171875 0.45625 0.039453125 0.04921875
0 0.7326171875 0.441796875 0.040234375 0.0421875
0 0.7470703125 0.6001953125 0.058203125 0.075390625
0 0.6603515625 0.5162109375 0.073046875 0.068359375
0 0.6505859375 0.5951171875 0.066015625 0.073828125
0 0.58046875 0.6359375 0.05859375 0.0671875
0 0.81015625 0.7408203125 0.04140625 0.044921875
0 0.717578125 0.7400390625 0.04140625 0.044921875
0 0.8994140625 0.8712890625 0.030859375 0.037890625
0 0.8041015625 0.861328125 0.036328125 0.05
0 0.7560546875 0.859765625 0.041015625 0.04765625
0 0.712109375 0.8609375 0.03359375 0.03671875
0 0.7921875 0.96953125 0.04296875 0.04921875
0 0.48671875 0.711328125 0.0609375 0.0765625
0 0.42734375 0.709765625 0.04375 0.05078125
0 0.41484375 0.8560546875 0.03671875 0.040234375
0 0.3587890625 0.85703125 0.055859375 0.06796875
0 0.306640625 0.8287109375 0.03203125 0.040234375
0 0.43359375 0.984375 0.04453125 0.03046875
