0 0.8962890625 0.166015625 0.053515625 0.04765625
0 0.928515625 0.2630859375 0.059375 0.049609375
0 0.9482421875 0.3126953125 0.050390625 0.046484375
0 0.7853515625 0.2369140625 0.034765625 0.030859375
0 0.7923828125 0.266015625 0.033984375 0.0265625
0 0.8177734375 0.327734375 0.032421875 0.0265625
0 0.780078125 0.3453125 0.02890625 0.02890625
0 0.7005859375 0.30234375 0.033203125 0.028125
0 0.71015625 0.3310546875 0.0328125 0.025390625
0 0.7193359375 0.3658203125 0.027734375 0.030078125
0 0.9140625 0.4263671875 0.03203125 0.035546875
0 0.925390625 0.5451171875 0.04375 0.048828125
0 0.87109375 0.4509765625 0.0296875 0.030078125
0 0.8228515625 0.4671875 0.029296875 0.03203125
0 0.872265625 0.563671875 0.046875 0.046875
0 0.825 0.5810546875 0.046875 0.048828125
0 0.71171875 0.6189453125 0.04765625 0.044921875
0 0.6189453125 0.650390625 0.029296875 0.03046875
0 0.7740234375 0.4744140625 0.050390625 0.059765625
0 0.7259765625 0.4962890625 0.032421875 0.037890625
0 0.6751953125 0.511328125 0.051171875 0.05625
0 0.6232421875 0.5365234375 0.033203125 0.038671875
0 0.5802734375 0.5474609375 0.047265625 0.050390625
0 0.3564453125 0.4478515625 0.048828125 0.060546875
0 0.4072265625 0.483203125 0.041796875 0.05234375
0 0.2025390625 0.51484375 0.044921875 0.04296875
0 0.292578125 0.556640625 0.04375 0.05625
0 0.3416015625 0.57578125 0.038671875 0.0453125
0 0.3193359375 0.696484375 0.030859375 0.0265625
0 0.266015625 0.8 0.03515625 0.0234375
0 0.2517578125 0.86015625 0.025390625 0.0203125
0 0.45234375 0.6908203125 0.0546875 0.050390625
0 0.4275390625 0.741796875 0.051171875 0.04453125
0 0.381640625 0.8400390625 0.0515625 0.044140625
0 0.356640625 0.897265625 0.03671875 0.02734375
0 0.3361328125 0.934765625 0.048828125 0.04453125
0 0.5904296875 0.9560546875 0.051953125 0.047265625
0 0.738671875 0.769140625 0.0328125 0.0296875
0 0.7548828125 0.814453125 0.044921875 0.04296875
0 0.6888671875 0.7693359375 0.027734375 0.031640625
0 0.68828125 0.8142578125 0.0328125 0.030078125
0 0.5408203125 0.7697265625 0.049609375 0.044140625
0 0.534375 0.82578125 0.05390625 0.04296875
0 0.473046875 0.906640625 0.03125 0.02265625
0 0.8478515625 0.2787109375 0.029296875 0.035546875
0 0.20390625 0.5158203125 0.04140625 0.040234375
0 0.35703125 0.449609375 0.046875 0.059375
0 0.408203125 0.4822265625 0.03984375 0.050390625
0 0.2931640625 0.55703125 0.042578125 0.05078125
0 0.3421875 0.57734375 0.03828125 0.04453125
0 0.3189453125 0.695703125 0.029296875 0.025
0 0.26796875 0.8013671875 0.02890625 0.024609375
0 0.25234375 0.861328125 0.021875 0.01875
0 0.3810546875 0.8396484375 0.047265625 0.041796875
0 0.3587890625 0.8974609375 0.027734375 0.024609375
0 0.335546875 0.9357421875 0.04453125 0.040234375
0 0.47421875 0.907421875 0.02734375 0.0234375
0 0.534375 0.8265625 0.05234375 0.0421875
0 0.5423828125 0.7701171875 0.046484375 0.041796875
0 0.5912109375 0.957421875 0.048828125 0.04296875
0 0.688671875 0.815234375 0.03125 0.02578125
0 0.6900390625 0.7708984375 0.026953125 0.027734375
0 0.75546875 0.815625 0.04296875 0.040625
0 0.619140625 0.651953125 0.025 0.02890625
0 0.625 0.5345703125 0.02578125 0.031640625
0 0.6755859375 0.510546875 0.045703125 0.05546875
0 0.8498046875 0.278125 0.027734375 0.03515625
0 0.8224609375 0.46796875 0.024609375 0.03203125
0 0.8716796875 0.4515625 0.024609375 0.02890625
0 0.9134765625 0.4267578125 0.027734375 0.033203125
0 0.8732421875 0.5646484375 0.042578125 0.044140625
0 0.8244140625 0.581640625 0.041796875 0.046875
0 0.7115234375 0.6205078125 0.042578125 0.044921875
0 0.9265625 0.548046875 0.04140625 0.0453125
0 0.929296875 0.2650390625 0.05546875 0.043359375
0 0.94921875 0.3134765625 0.0484375 0.042578125
0 0.8970703125 0.1677734375 0.049609375 0.042578125
0 0.703515625 0.302734375 0.03203125 0.02578125
0 0.71171875 0.33203125 0.03046875 0.02265625
0 0.7203125 0.366796875 0.025 0.02734375
0 0.780859375 0.346484375 0.02578125 0.028125
0 0.8185546875 0.328515625 0.026953125 0.02578125
0 0.7939453125 0.2673828125 0.030078125 0.023828125
0 0.7849609375 0.238671875 0.030078125 0.02578125
0 0.776953125 0.4765625 0.04609375 0.05625
0 0.724609375 0.496484375 0.02578125 0.03515625
0 0.5796875 0.54765625 0.0421875 0.05
0 0.42890625 0.7431640625 0.04609375 0.042578125
0 0.45234375 0.6921875 0.0515625 0.0453125
0 0.7384765625 0.7697265625 0.030078125 0.026171875
0 0.051171875 0.7158203125 0.01484375 0.013671875
0 0.8501953125 0.278515625 0.022265625 0.03203125
