0 0.3681640625 0.2693359375 0.040234375 0.040234375
0 0.2443359375 0.2498046875 0.048046875 0.041015625
0 0.2318359375 0.2986328125 0.055078125 0.042578125
0 0.33984375 0.36640625 0.05078125 0.0453125
0 0.1998046875 0.417578125 0.041796875 0.053125
0 0.2828125 0.43828125 0.0234375 0.02890625
0 0.1716796875 0.530859375 0.041015625 0.04765625
0 0.25703125 0.5470703125 0.021875 0.029296875
0 0.283203125 0.605859375 0.0296875 0.0234375
0 0.1439453125 0.6482421875 0.052734375 0.057421875
0 0.2734375 0.653125 0.04609375 0.0421875
0 0.4884765625 0.6076171875 0.037890625 0.044140625
0 0.5802734375 0.6306640625 0.023046875 0.028515625
0 0.6927734375 0.661328125 0.041015625 0.053125
0 0.6423828125 0.650390625 0.042578125 0.05625
0 0.811328125 0.73984375 0.04921875 0.0484375
0 0.73203125 0.8400390625 0.040625 0.042578125
0 0.53984375 0.6841796875 0.04375 0.041796875
0 0.5353515625 0.7291015625 0.032421875 0.030078125
0 0.366015625 0.7353515625 0.04609375 0.044140625
0 0.2587890625 0.703515625 0.026953125 0.0234375
0 0.245703125 0.7529296875 0.0515625 0.044140625
0 0.237890625 0.8033203125 0.0421875 0.034765625
0 0.340234375 0.834375 0.04375 0.04296875
0 0.511328125 0.82265625 0.04921875 0.04453125
0 0.60390625 0.9033203125 0.04921875 0.048046875
0 0.922265625 0.7720703125 0.04140625 0.041015625
0 0.971484375 0.7296875 0.02734375 0.02890625
0 0.907421875 0.823828125 0.04140625 0.03984375
0 0.896484375 0.872265625 0.0484375 0.04453125
0 0.884765625 0.923046875 0.053125 0.04375
0 0.759765625 0.9408203125 0.0515625 0.045703125
0 0.7857421875 0.6880859375 0.018359375 0.023828125
0 0.979296875 0.5375 0.0234375 0.02265625
0 0.98359375 0.9732421875 0.0296875 0.052734375
