0 0.32734375 0.1353515625 0.0421875 0.051953125
0 0.533203125 0.1673828125 0.053125 0.056640625
0 0.3767578125 0.31484375 0.049609375 0.0453125
0 0.323828125 0.4056640625 0.05234375 0.041796875
0 0.295703125 0.448046875 0.05 0.04140625
0 0.41171875 0.5052734375 0.02421875 0.027734375
0 0.477734375 0.535546875 0.02265625 0.02578125
0 0.509765625 0.5703125 0.021875 0.025
0 0.548828125 0.5634765625 0.021875 0.026953125
0 0.5666015625 0.6046875 0.022265625 0.025
0 0.658984375 0.58125 0.02265625 0.02890625
0 0.661328125 0.6345703125 0.02109375 0.024609375
0 0.747265625 0.6935546875 0.03046875 0.037890625
0 0.835546875 0.75078125 0.0234375 0.02890625
0 0.8822265625 0.775390625 0.023046875 0.0296875
0 0.355859375 0.583984375 0.0453125 0.040625
0 0.3353515625 0.6232421875 0.027734375 0.024609375
0 0.9240234375 0.8521484375 0.029296875 0.025390625
0 0.8970703125 0.896875 0.031640625 0.025
0 0.870703125 0.944140625 0.05 0.040625
0 0.55546875 0.0251953125 0.02265625 0.029296875
0 0.58359375 0.0416015625 0.02265625 0.028515625
0 0.630078125 0.0662109375 0.01328125 0.016015625
0 0.9927734375 0.8646484375 0.019921875 0.033984375
