0 0.280078125 0.215625 0.07890625 0.075
0 0.3625 0.186328125 0.075 0.08203125
0 0.44765625 0.1564453125 0.07109375 0.080859375
0 0.527734375 0.12421875 0.0578125 0.07421875
0 0.6115234375 0.09375 0.068359375 0.08203125
0 0.6853515625 0.0669921875 0.061328125 0.067578125
0 0.7544921875 0.0396484375 0.060546875 0.072265625
0 0.548046875 0.3078125 0.04296875 0.0515625
0 0.484765625 0.4 0.04453125 0.0359375
0 0.1615234375 0.5865234375 0.073828125 0.070703125
0 0.0185546875 0.653515625 0.036328125 0.0578125
0 0.043359375 0.85859375 0.03671875 0.040625
0 0.092578125 0.8541015625 0.03046875 0.039453125
0 0.195703125 0.8080078125 0.0328125 0.041796875
0 0.2427734375 0.7927734375 0.040234375 0.036328125
0 0.2060546875 0.91796875 0.046484375 0.03984375
0 0.4453125 0.49296875 0.03203125 0.04296875
0 0.484765625 0.4755859375 0.0375 0.046484375
0 0.525 0.46796875 0.03671875 0.0421875
0 0.6484375 0.3123046875 0.03515625 0.054296875
0 0.6306640625 0.4171875 0.037890625 0.053125
0 0.6755859375 0.404296875 0.039453125 0.04296875
0 0.7451171875 0.3359375 0.051953125 0.040625
0 0.7654296875 0.280078125 0.073828125 0.06953125
0 0.795703125 0.211328125 0.06640625 0.0640625
0 0.830078125 0.1603515625 0.05078125 0.039453125
0 0.859375 0.1029296875 0.05078125 0.039453125
0 0.9451171875 0.1482421875 0.075390625 0.064453125
0 0.9244140625 0.203125 0.048828125 0.0375
0 0.9021484375 0.2640625 0.089453125 0.06796875
0 0.86953125 0.3294921875 0.078125 0.066796875
0 0.9833984375 0.0396484375 0.030859375 0.058203125
0 0.566015625 0.44609375 0.0359375 0.04921875
