0 0.914453125 0.1978515625 0.0390625 0.040234375
0 0.8205078125 0.219140625 0.037109375 0.04296875
0 0.3978515625 0.0466796875 0.033984375 0.036328125
0 0.3091796875 0.13984375 0.051171875 0.0484375
0 0.288671875 0.183203125 0.0234375 0.021875
0 0.304296875 0.3298828125 0.028125 0.023046875
0 0.718359375 0.2638671875 0.01953125 0.019921875
0 0.7859375 0.3193359375 0.0234375 0.026171875
0 0.254296875 0.4208984375 0.0484375 0.039453125
0 0.2353515625 0.46484375 0.048828125 0.03984375
0 0.221875 0.511328125 0.02578125 0.0234375
0 0.1125 0.5982421875 0.02734375 0.022265625
0 0.738671875 0.4728515625 0.02734375 0.022265625
0 0.8255859375 0.4431640625 0.024609375 0.021484375
0 0.8453125 0.46328125 0.0265625 0.02109375
0 0.7416015625 0.5236328125 0.028515625 0.024609375
0 0.8828125 0.5466796875 0.03828125 0.044140625
0 0.5693359375 0.5873046875 0.024609375 0.020703125
0 0.253125 0.65 0.03515625 0.0421875
0 0.175 0.6875 0.02265625 0.0296875
0 0.1119140625 0.6427734375 0.028515625 0.022265625
0 0.474609375 0.8353515625 0.04296875 0.037109375
0 0.6037109375 0.8712890625 0.042578125 0.035546875
0 0.5845703125 0.915625 0.044140625 0.0359375
0 0.1849609375 0.81171875 0.026953125 0.0234375
0 0.965625 0.0310546875 0.02109375 0.023828125
