0 0.1734375 0.6849609375 0.03671875 0.046484375
0 0.2138671875 0.6712890625 0.033203125 0.042578125
0 0.251953125 0.6494140625 0.02734375 0.036328125
0 0.1380859375 0.5677734375 0.033984375 0.036328125
0 0.8208984375 0.0171875 0.027734375 0.025
0 0.7880859375 0.0982421875 0.042578125 0.041015625
0 0.959375 0.1607421875 0.02578125 0.026171875
0 0.7833984375 0.20234375 0.021484375 0.03203125
0 0.7490234375 0.1888671875 0.025390625 0.033203125
0 0.3052734375 0.331640625 0.029296875 0.021875
0 0.585546875 0.915625 0.05 0.04140625
0 0.475390625 0.837109375 0.0484375 0.040625
0 0.1099609375 0.644140625 0.034765625 0.02421875
0 0.2556640625 0.421484375 0.048046875 0.0421875
0 0.1916015625 0.43359375 0.026171875 0.02890625
0 0.21953125 0.5083984375 0.0484375 0.038671875
0 0.179296875 0.5435546875 0.0375 0.041796875
0 0.7056640625 0.283984375 0.022265625 0.0203125
0 0.83203125 0.4568359375 0.028125 0.025390625
0 0.8337890625 0.498828125 0.026953125 0.02109375
0 0.7396484375 0.4720703125 0.028515625 0.026171875
0 0.6892578125 0.6607421875 0.027734375 0.026171875
0 0.632421875 0.4658203125 0.04609375 0.039453125
0 0.5697265625 0.586328125 0.024609375 0.02265625
