0 0.60390625 0.11015625 0.03203125 0.03828125
0 0.3953125 0.025390625 0.040625 0.04375
0 0.3470703125 0.137109375 0.048828125 0.03984375
0 0.271484375 0.4802734375 0.0484375 0.041796875
0 0.2521484375 0.5259765625 0.047265625 0.041015625
0 0.148828125 0.71015625 0.0546875 0.05078125
0 0.0787109375 0.7705078125 0.030078125 0.025390625
0 0.0984375 0.846484375 0.0375 0.040625
0 0.01796875 0.9388671875 0.0359375 0.049609375
0 0.5419921875 0.48515625 0.023046875 0.02265625
0 0.7576171875 0.5525390625 0.045703125 0.041015625
0 0.93046875 0.5134765625 0.02421875 0.027734375
0 0.9076171875 0.5689453125 0.023828125 0.026953125
0 0.8849609375 0.6236328125 0.019140625 0.019921875
0 0.862109375 0.6775390625 0.0234375 0.026953125
0 0.666015625 0.83125 0.0234375 0.0265625
0 0.565234375 0.7107421875 0.04453125 0.037109375
0 0.54375 0.759375 0.03984375 0.03671875
0 0.5859375 0.66796875 0.0484375 0.0390625
0 0.6236328125 0.57578125 0.044140625 0.0375
0 0.7814453125 0.7640625 0.026171875 0.028125
0 0.881640625 0.96953125 0.0234375 0.028125
0 0.6185546875 0.98828125 0.033203125 0.0234375
0 0.84453125 0.220703125 0.0234375 0.0265625
0 0.0044921875 0.6296875 0.008984375 0.02109375
