0 0.5564453125 0.1875 0.035546875 0.03984375
0 0.651171875 0.1158203125 0.03125 0.037890625
0 0.6919921875 0.076171875 0.050390625 0.05234375
0 0.74375 0.04453125 0.034375 0.03828125
0 0.7216796875 0.2712890625 0.051171875 0.053515625
0 0.63203125 0.39375 0.05625 0.05
0 0.615625 0.46015625 0.0546875 0.05625
0 0.61875 0.5341796875 0.06953125 0.059765625
0 0.369921875 0.4912109375 0.06796875 0.051953125
0 0.2986328125 0.379296875 0.038671875 0.0375
0 0.22421875 0.3341796875 0.04765625 0.058984375
0 0.11171875 0.6232421875 0.0328125 0.044921875
0 0.22734375 0.5806640625 0.05390625 0.055078125
0 0.3876953125 0.5646484375 0.061328125 0.061328125
0 0.3986328125 0.6408203125 0.071484375 0.065234375
0 0.4009765625 0.709375 0.062890625 0.05546875
0 0.4154296875 0.767578125 0.054296875 0.04609375
0 0.42578125 0.8927734375 0.06171875 0.057421875
0 0.25625 0.80625 0.0578125 0.0578125
0 0.6390625 0.6884765625 0.0671875 0.073046875
0 0.62421875 0.6130859375 0.065625 0.057421875
0 0.7935546875 0.63125 0.062109375 0.0515625
0 0.6609375 0.7802734375 0.0390625 0.036328125
0 0.6732421875 0.87421875 0.044921875 0.0375
0 0.823046875 0.8771484375 0.0640625 0.059765625
