0 0.623046875 0.2970703125 0.04609375 0.057421875
0 0.6810546875 0.31796875 0.036328125 0.0421875
0 0.9541015625 0.4375 0.034765625 0.0390625
0 0.9041015625 0.524609375 0.034765625 0.0375
0 0.2458984375 0.42890625 0.038671875 0.03515625
0 0.21171875 0.4779296875 0.0390625 0.035546875
0 0.191796875 0.5390625 0.07421875 0.06328125
0 0.166796875 0.5923828125 0.04140625 0.034765625
0 0.075390625 0.549609375 0.03828125 0.03515625
0 0.050390625 0.605859375 0.05078125 0.0359375
0 0.025390625 0.6595703125 0.0390625 0.038671875
0 0.138671875 0.64609375 0.0359375 0.0328125
0 0.1138671875 0.701171875 0.044921875 0.0359375
0 0.0654296875 0.8328125 0.075390625 0.06171875
0 0.3552734375 0.434765625 0.033984375 0.04765625
0 0.36796875 0.509375 0.0625 0.06328125
0 0.3314453125 0.5791015625 0.070703125 0.065234375
0 0.3087890625 0.646484375 0.040234375 0.0359375
0 0.2806640625 0.6998046875 0.076171875 0.072265625
0 0.43984375 0.7150390625 0.0765625 0.066796875
0 0.627734375 0.4654296875 0.04921875 0.058984375
0 0.7029296875 0.4947265625 0.058203125 0.067578125
0 0.760546875 0.519140625 0.05625 0.059375
0 0.7986328125 0.574609375 0.075390625 0.0890625
0 0.5693359375 0.596484375 0.056640625 0.05625
0 0.636328125 0.6234375 0.04609375 0.05546875
0 0.6796875 0.7197265625 0.04140625 0.039453125
0 0.783203125 0.901171875 0.04375 0.03828125
0 0.0123046875 0.7109375 0.024609375 0.04453125
0 0.06484375 0.8322265625 0.0703125 0.062109375
0 0.0125 0.7115234375 0.025 0.043359375
0 0.02421875 0.6603515625 0.03984375 0.034765625
0 0.049609375 0.6046875 0.04765625 0.0359375
0 0.07578125 0.5501953125 0.034375 0.033984375
0 0.1921875 0.5390625 0.07109375 0.06171875
0 0.1669921875 0.5919921875 0.038671875 0.033984375
0 0.1392578125 0.6466796875 0.034765625 0.030078125
0 0.113671875 0.7025390625 0.04296875 0.034765625
0 0.2123046875 0.4779296875 0.038671875 0.033984375
0 0.2462890625 0.4287109375 0.038671875 0.033984375
0 0.3548828125 0.4349609375 0.035546875 0.046484375
0 0.36796875 0.5123046875 0.0640625 0.055859375
0 0.3326171875 0.5828125 0.068359375 0.0609375
0 0.309375 0.648046875 0.03984375 0.03515625
0 0.28046875 0.7013671875 0.07421875 0.068359375
0 0.4388671875 0.716015625 0.075390625 0.0640625
0 0.5708984375 0.59609375 0.056640625 0.0546875
0 0.6365234375 0.6240234375 0.047265625 0.053515625
0 0.6806640625 0.719921875 0.041015625 0.03828125
0 0.800390625 0.5763671875 0.0765625 0.083984375
0 0.7591796875 0.520703125 0.057421875 0.05625
0 0.70390625 0.494921875 0.05703125 0.065625
0 0.6287109375 0.4666015625 0.048046875 0.058203125
0 0.6220703125 0.297265625 0.046484375 0.05390625
0 0.6814453125 0.317578125 0.034765625 0.040625
0 0.9541015625 0.4388671875 0.035546875 0.037890625
0 0.9037109375 0.526171875 0.033984375 0.03828125
0 0.78203125 0.9013671875 0.04375 0.037890625
