0 0.6205078125 0.074609375 0.058984375 0.053125
0 0.89765625 0.09921875 0.02421875 0.03125
0 0.7685546875 0.289453125 0.052734375 0.065625
0 0.70234375 0.29140625 0.0703125 0.07109375
0 0.597265625 0.205078125 0.02890625 0.03125
0 0.5572265625 0.2216796875 0.032421875 0.036328125
0 0.52578125 0.4115234375 0.06484375 0.065234375
0 0.5517578125 0.4734375 0.061328125 0.0578125
0 0.419140625 0.510546875 0.0359375 0.03046875
0 0.5646484375 0.53515625 0.045703125 0.0390625
0 0.9025390625 0.4767578125 0.058984375 0.066796875
0 0.6576171875 0.6736328125 0.037109375 0.043359375
0 0.7462890625 0.7630859375 0.066796875 0.057421875
0 0.4673828125 0.6927734375 0.051171875 0.045703125
0 0.4943359375 0.8505859375 0.033984375 0.023046875
0 0.587890625 0.811328125 0.03359375 0.02265625
0 0.591796875 0.890625 0.03359375 0.02421875
0 0.5123046875 0.926953125 0.027734375 0.0203125
0 0.59609375 0.9416015625 0.02734375 0.019140625
0 0.75234375 0.9146484375 0.03203125 0.027734375
0 0.2650390625 0.733203125 0.058984375 0.05703125
0 0.101171875 0.4142578125 0.04375 0.035546875
0 0.0953125 0.5236328125 0.03125 0.032421875
0 0.1189453125 0.6365234375 0.050390625 0.044921875
0 0.054296875 0.6541015625 0.04296875 0.037109375
0 0.1177734375 0.7009765625 0.058984375 0.055078125
0 0.099609375 0.86171875 0.05546875 0.04609375
0 0.00625 0.4056640625 0.0125 0.019921875
0 0.50390625 0.8765625 0.03046875 0.021875
