0 0.0905 0.7392857142857143 0.085 0.13
0 0.6865 0.6821428571428572 0.081 0.12142857142857143
0 0.2935 0.27071428571428574 0.061 0.09285714285714286
0 0.712 0.9057142857142857 0.042 0.05714285714285714
0 0.2725 0.3314285714285714 0.063 0.09142857142857143
0 0.646 0.16357142857142856 0.044 0.06142857142857143
0 0.874 0.5614285714285714 0.054 0.08285714285714285
0 0.665 0.2892857142857143 0.054 0.07285714285714286
0 0.221 0.49857142857142855 0.1 0.14285714285714285
0 0.1945 0.8821428571428571 0.075 0.10428571428571429
