0 0.45 0.3242857142857143 0.046 0.06571428571428571
0 0.7725 0.12928571428571428 0.099 0.13857142857142857
0 0.2495 0.23785714285714285 0.057 0.07857142857142857
0 0.076 0.48428571428571426 0.104 0.1457142857142857
0 0.5465 0.505 0.041 0.06142857142857143
0 0.106 0.41 0.082 0.11428571428571428
0 0.4395 0.48642857142857143 0.069 0.10142857142857142
0 0.1555 0.855 0.057 0.07857142857142857
0 0.399 0.22142857142857142 0.102 0.14857142857142858
0 0.7375 0.8742857142857143 0.049 0.06857142857142857
0 0.0985 0.6878571428571428 0.069 0.10428571428571429
