0 0.457 0.7935714285714286 0.036 0.05285714285714286
0 0.2035 0.4664285714285714 0.095 0.14142857142857143
0 0.502 0.7185714285714285 0.044 0.06571428571428571
0 0.8115 0.125 0.097 0.13857142857142857
0 0.0865 0.5071428571428571 0.073 0.10571428571428572
0 0.5945 0.5 0.053 0.07428571428571429
0 0.3975 0.2257142857142857 0.045 0.06857142857142857
0 0.5105 0.7242857142857143 0.041 0.06
0 0.281 0.7571428571428571 0.072 0.10571428571428572
0 0.884 0.12142857142857143 0.05 0.07428571428571429
0 0.872 0.2664285714285714 0.066 0.09857142857142857
