0 0.6175 0.5685714285714286 0.069 0.1
0 0.2205 0.26 0.079 0.11142857142857143
0 0.5765 0.8 0.043 0.05714285714285714
0 0.193 0.6128571428571429 0.046 0.06857142857142857
0 0.5125 0.41 0.081 0.11714285714285715
0 0.7885 0.335 0.059 0.09
0 0.6035 0.7064285714285714 0.063 0.08142857142857143
0 0.081 0.385 0.082 0.11857142857142858
0 0.622 0.4942857142857143 0.036 0.04857142857142857
0 0.8215 0.6621428571428571 0.079 0.11571428571428571
0 0.4665 0.16357142857142856 0.053 0.07571428571428572
0 0.881 0.5892857142857143 0.07 0.10428571428571429
