0 0.2 0.8142857142857143 0.056 0.08285714285714285
0 0.879 0.6664285714285715 0.058 0.08142857142857143
0 0.2265 0.2935714285714286 0.073 0.10142857142857142
0 0.4615 0.26785714285714285 0.065 0.07857142857142857
0 0.583 0.5 0.042 0.06
0 0.2045 0.8564285714285714 0.059 0.08142857142857143
0 0.087 0.6564285714285715 0.048 0.06714285714285714
0 0.3135 0.6521428571428571 0.043 0.06142857142857143
0 0.875 0.9085714285714286 0.054 0.08285714285714285
0 0.093 0.37142857142857144 0.086 0.11714285714285715
