0 0.546 0.405 0.09 0.12714285714285714
0 0.0815 0.8721428571428571 0.067 0.10714285714285714
0 0.3525 0.08785714285714286 0.067 0.09571428571428571
0 0.6535 0.6364285714285715 0.051 0.07285714285714286
0 0.2865 0.5814285714285714 0.087 0.12571428571428572
0 0.167 0.7478571428571429 0.042 0.06142857142857143
0 0.6835 0.8242857142857143 0.041 0.06
0 0.151 0.6585714285714286 0.08 0.11428571428571428
0 0.88 0.135 0.062 0.09285714285714286
0 0.087 0.38357142857142856 0.062 0.08428571428571428
0 0.7685 0.17285714285714285 0.063 0.09428571428571429
0 0.756 0.4042857142857143 0.056 0.08
0 0.417 0.21571428571428572 0.066 0.09714285714285714
0 0.918 0.31214285714285717 0.06 0.09
