0 0.454 0.2892857142857143 0.102 0.14714285714285713
0 0.1325 0.38571428571428573 0.061 0.08285714285714285
0 0.419 0.5978571428571429 0.078 0.11285714285714285
0 0.061 0.2671428571428571 0.058 0.08
0 0.7065 0.6657142857142857 0.047 0.06857142857142857
0 0.4425 0.39571428571428574 0.055 0.07714285714285714
0 0.803 0.4642857142857143 0.102 0.1457142857142857
0 0.416 0.665 0.092 0.13
0 0.152 0.4907142857142857 0.07 0.09857142857142857
0 0.84 0.8542857142857143 0.076 0.10285714285714286
0 0.588 0.5771428571428572 0.04 0.05714285714285714
0 0.1455 0.6985714285714286 0.047 0.06285714285714286
