0 0.062 0.3992857142857143 0.056 0.07571428571428572
0 0.1355 0.55 0.087 0.12285714285714286
0 0.9045 0.6021428571428571 0.043 0.06428571428571428
0 0.7965 0.6071428571428571 0.067 0.09428571428571429
0 0.509 0.2357142857142857 0.072 0.09714285714285714
0 0.7965 0.5857142857142857 0.105 0.15142857142857144
0 0.79 0.6407142857142857 0.054 0.07571428571428572
0 0.653 0.8771428571428571 0.086 0.12571428571428572
0 0.408 0.525 0.08 0.11571428571428571
0 0.833 0.6192857142857143 0.068 0.09857142857142857
0 0.543 0.24714285714285714 0.046 0.06571428571428571
0 0.105 0.72 0.074 0.10571428571428572
