0 0.848 0.6535714285714286 0.08 0.11857142857142858
0 0.701 0.13357142857142856 0.07 0.09857142857142857
0 0.622 0.6807142857142857 0.038 0.05285714285714286
0 0.5925 0.695 0.097 0.12714285714285714
0 0.908 0.2914285714285714 0.092 0.13142857142857142
0 0.8275 0.21928571428571428 0.063 0.09
0 0.3145 0.7864285714285715 0.069 0.10142857142857142
0 0.7325 0.8142857142857143 0.091 0.12571428571428572
0 0.664 0.31357142857142856 0.072 0.09
0 0.557 0.8628571428571429 0.048 0.07142857142857142
0 0.3865 0.9064285714285715 0.037 0.05
