0 0.1735 0.295 0.079 0.10714285714285714
0 0.455 0.21 0.054 0.08
0 0.5135 0.44785714285714284 0.049 0.07
0 0.519 0.32357142857142857 0.06 0.09285714285714286
0 0.7335 0.705 0.041 0.055714285714285716
0 0.7025 0.4757142857142857 0.055 0.07142857142857142
0 0.7415 0.8964285714285715 0.075 0.10428571428571429
0 0.225 0.6742857142857143 0.094 0.13142857142857142
0 0.492 0.17285714285714285 0.098 0.14285714285714285
0 0.661 0.7335714285714285 0.062 0.09571428571428571
0 0.826 0.13714285714285715 0.076 0.11142857142857143
0 0.1905 0.715 0.051 0.07285714285714286
0 0.5145 0.4542857142857143 0.041 0.05714285714285714
0 0.479 0.30642857142857144 0.048 0.07
