0 0.9055 0.8478571428571429 0.081 0.11
0 0.066 0.6 0.078 0.11428571428571428
0 0.2705 0.29285714285714287 0.039 0.054285714285714284
0 0.4155 0.5792857142857143 0.093 0.13285714285714287
0 0.407 0.5678571428571428 0.046 0.06428571428571428
0 0.571 0.5714285714285714 0.088 0.11714285714285715
0 0.8055 0.8321428571428572 0.073 0.11
0 0.731 0.7992857142857143 0.062 0.09285714285714286
0 0.6355 0.7635714285714286 0.095 0.13857142857142857
0 0.456 0.21 0.04 0.05714285714285714
0 0.465 0.8885714285714286 0.078 0.11714285714285715
0 0.2795 0.2807142857142857 0.089 0.12714285714285714
0 0.538 0.6971428571428572 0.086 0.12857142857142856
