0 0.911 0.8614285714285714 0.054 0.08
0 0.101 0.5885714285714285 0.074 0.10285714285714286
0 0.1855 0.7707142857142857 0.073 0.10142857142857142
0 0.4575 0.14857142857142858 0.061 0.09142857142857143
0 0.4515 0.8878571428571429 0.045 0.06142857142857143
0 0.557 0.6821428571428572 0.094 0.13285714285714287
0 0.488 0.18142857142857144 0.06 0.08571428571428572
0 0.7295 0.7271428571428571 0.049 0.07142857142857142
0 0.704 0.27 0.062 0.08285714285714285
0 0.6255 0.875 0.079 0.11
0 0.82 0.7521428571428571 0.07 0.10428571428571429
0 0.4395 0.6121428571428571 0.063 0.09571428571428571
