0 0.1105 0.3142857142857143 0.051 0.07714285714285714
0 0.212 0.4107142857142857 0.038 0.05
0 0.392 0.22642857142857142 0.082 0.11285714285714285
0 0.8655 0.7878571428571428 0.049 0.07285714285714286
0 0.375 0.6592857142857143 0.032 0.041428571428571426
0 0.7935 0.8671428571428571 0.071 0.10571428571428572
0 0.7485 0.53 0.065 0.08857142857142856
0 0.5745 0.17214285714285715 0.045 0.06714285714285714
0 0.792 0.6385714285714286 0.056 0.08285714285714285
0 0.139 0.18071428571428572 0.062 0.08714285714285715
0 0.8035 0.51 0.063 0.09142857142857143
0 0.5665 0.7085714285714285 0.045 0.06285714285714286
0 0.128 0.5464285714285714 0.078 0.11285714285714285
