0 0.3785 0.21285714285714286 0.073 0.10571428571428572
0 0.831 0.345 0.064 0.08714285714285715
0 0.6655 0.7221428571428572 0.057 0.07857142857142857
0 0.4185 0.3242857142857143 0.057 0.08285714285714285
0 0.8165 0.6521428571428571 0.057 0.08142857142857143
0 0.896 0.6635714285714286 0.05 0.06428571428571428
0 0.1975 0.1 0.079 0.11142857142857143
0 0.529 0.48142857142857143 0.08 0.11428571428571428
0 0.4385 0.8235714285714286 0.031 0.047142857142857146
0 0.2055 0.5214285714285715 0.085 0.12
0 0.646 0.6521428571428571 0.06 0.09
0 0.492 0.3242857142857143 0.042 0.06
