0 0.7125 0.1757142857142857 0.047 0.06857142857142857
0 0.9375 0.8985714285714286 0.035 0.05142857142857143
0 0.238 0.4735714285714286 0.052 0.07857142857142857
0 0.095 0.6035714285714285 0.062 0.08714285714285715
0 0.723 0.115 0.034 0.05
0 0.545 0.8335714285714285 0.102 0.14714285714285713
0 0.6085 0.78 0.065 0.09142857142857143
0 0.575 0.11642857142857142 0.09 0.12428571428571429
0 0.553 0.13142857142857142 0.078 0.10857142857142857
0 0.681 0.5757142857142857 0.058 0.08285714285714285
0 0.7905 0.7757142857142857 0.077 0.11142857142857143
0 0.6905 0.49785714285714283 0.097 0.13857142857142857
