0 0.318 0.36214285714285716 0.06 0.08428571428571428
0 0.721 0.6435714285714286 0.056 0.08142857142857143
0 0.296 0.09928571428571428 0.078 0.11571428571428571
0 0.5255 0.5157142857142857 0.101 0.14
0 0.3805 0.44142857142857145 0.085 0.12571428571428572
0 0.3365 0.2907142857142857 0.087 0.11857142857142858
0 0.3875 0.5678571428571428 0.051 0.07285714285714286
0 0.778 0.5407142857142857 0.072 0.10142857142857142
0 0.617 0.07928571428571428 0.06 0.08428571428571428
0 0.4255 0.8964285714285715 0.041 0.055714285714285716
0 0.2045 0.66 0.043 0.06285714285714286
0 0.1935 0.665 0.053 0.07285714285714286
0 0.497 0.26142857142857145 0.036 0.054285714285714284
0 0.778 0.5428571428571428 0.054 0.07714285714285714
0 0.9035 0.6757142857142857 0.077 0.11428571428571428
