0 0.5115 0.3314285714285714 0.055 0.07714285714285714
0 0.5275 0.11 0.051 0.07428571428571429
0 0.8795 0.21428571428571427 0.067 0.1
0 0.702 0.2914285714285714 0.098 0.14
0 0.3525 0.08714285714285715 0.059 0.09714285714285714
0 0.3105 0.3221428571428571 0.035 0.05285714285714286
0 0.876 0.8692857142857143 0.074 0.11
0 0.604 0.3464285714285714 0.05 0.06714285714285714
0 0.367 0.53 0.064 0.08857142857142856
0 0.328 0.8942857142857142 0.064 0.08571428571428572
0 0.645 0.2257142857142857 0.036 0.054285714285714284
0 0.738 0.2292857142857143 0.056 0.07285714285714286
0 0.537 0.39714285714285713 0.108 0.15428571428571428
