0 0.39 0.6535714285714286 0.044 0.06142857142857143
0 0.715 0.8492857142857143 0.072 0.10428571428571429
0 0.711 0.325 0.054 0.07857142857142857
0 0.4185 0.6528571428571428 0.077 0.11428571428571428
0 0.515 0.5807142857142857 0.052 0.07857142857142857
0 0.4785 0.305 0.099 0.1442857142857143
0 0.457 0.22285714285714286 0.066 0.09714285714285714
0 0.275 0.09857142857142857 0.04 0.06
0 0.776 0.5807142857142857 0.044 0.06428571428571428
0 0.753 0.44571428571428573 0.072 0.10285714285714286
0 0.532 0.7907142857142857 0.1 0.14142857142857143
0 0.761 0.7457142857142857 0.062 0.08857142857142856
