0 0.8915 0.30428571428571427 0.065 0.09714285714285714
0 0.3115 0.8042857142857143 0.087 0.12857142857142856
0 0.848 0.38285714285714284 0.102 0.14857142857142858
0 0.536 0.6242857142857143 0.042 0.06285714285714286
0 0.5835 0.25642857142857145 0.071 0.10142857142857142
0 0.2915 0.2392857142857143 0.043 0.05857142857142857
0 0.209 0.10071428571428571 0.106 0.15
0 0.7245 0.39571428571428574 0.047 0.07714285714285714
0 0.289 0.6614285714285715 0.062 0.09142857142857143
0 0.6275 0.8257142857142857 0.055 0.08
0 0.3285 0.19071428571428573 0.055 0.07857142857142857
0 0.7855 0.11857142857142858 0.103 0.14857142857142858
0 0.411 0.6721428571428572 0.068 0.09285714285714286
