0 0.2015 0.21714285714285714 0.063 0.09428571428571429
0 0.2515 0.5735714285714286 0.071 0.09857142857142857
0 0.6775 0.55 0.099 0.13714285714285715
0 0.588 0.5735714285714286 0.096 0.1357142857142857
0 0.392 0.11428571428571428 0.04 0.05714285714285714
0 0.2385 0.79 0.097 0.14285714285714285
0 0.765 0.17214285714285715 0.084 0.11571428571428571
0 0.1775 0.5028571428571429 0.091 0.12285714285714286
0 0.7715 0.7828571428571428 0.065 0.09428571428571429
0 0.5665 0.37642857142857145 0.089 0.11285714285714285
0 0.851 0.5071428571428571 0.062 0.1
