0 0.208 0.25357142857142856 0.088 0.12714285714285714
0 0.261 0.1692857142857143 0.08 0.11571428571428571
0 0.627 0.49714285714285716 0.042 0.06285714285714286
0 0.565 0.25642857142857145 0.05 0.07571428571428572
0 0.936 0.7907142857142857 0.072 0.10714285714285714
0 0.1635 0.1657142857142857 0.053 0.07428571428571429
0 0.859 0.7714285714285715 0.06 0.08857142857142856
0 0.8785 0.4642857142857143 0.035 0.04857142857142857
0 0.4485 0.45285714285714285 0.071 0.10285714285714286
0 0.5915 0.2642857142857143 0.059 0.08857142857142856
0 0.142 0.4942857142857143 0.06 0.08
0 0.2385 0.5171428571428571 0.093 0.13142857142857142
0 0.485 0.6514285714285715 0.064 0.09428571428571429
