0 0.6855 0.41285714285714287 0.063 0.09142857142857143
0 0.1705 0.09571428571428571 0.049 0.06857142857142857
0 0.275 0.8685714285714285 0.09 0.12857142857142856
0 0.4505 0.26357142857142857 0.099 0.1442857142857143
0 0.639 0.7171428571428572 0.08 0.10857142857142857
0 0.479 0.85 0.066 0.09142857142857143
0 0.17 0.29428571428571426 0.08 0.10857142857142857
0 0.7645 0.3557142857142857 0.081 0.10857142857142857
0 0.8055 0.8664285714285714 0.055 0.07857142857142857
0 0.4885 0.21571428571428572 0.053 0.07428571428571429
0 0.4845 0.5092857142857142 0.043 0.06142857142857143
0 0.187 0.48928571428571427 0.044 0.05857142857142857
0 0.1195 0.39 0.051 0.06857142857142857
