0 0.4715 0.5207142857142857 0.053 0.08428571428571428
0 0.2435 0.47 0.045 0.06285714285714286
0 0.2765 0.8392857142857143 0.043 0.06142857142857143
0 0.7185 0.5007142857142857 0.051 0.07285714285714286
0 0.4185 0.7457142857142857 0.045 0.06285714285714286
0 0.115 0.86 0.07 0.09428571428571429
0 0.434 0.5942857142857143 0.064 0.09428571428571429
0 0.862 0.1707142857142857 0.084 0.11857142857142858
0 0.2985 0.43142857142857144 0.097 0.14
0 0.3435 0.7707142857142857 0.089 0.12428571428571429
0 0.7575 0.10142857142857142 0.043 0.06285714285714286
0 0.7115 0.12642857142857142 0.079 0.11285714285714285
