0 0.842 0.4 0.066 0.09714285714285714
0 0.906 0.8178571428571428 0.05 0.07285714285714286
0 0.856 0.18642857142857142 0.064 0.09571428571428571
0 0.383 0.5971428571428572 0.086 0.12285714285714286
0 0.484 0.6214285714285714 0.082 0.11428571428571428
0 0.157 0.84 0.062 0.09142857142857143
0 0.164 0.655 0.082 0.12142857142857143
0 0.6865 0.8035714285714286 0.063 0.08714285714285715
0 0.259 0.09857142857142857 0.04 0.054285714285714284
0 0.856 0.48214285714285715 0.108 0.15571428571428572
0 0.4985 0.5892857142857143 0.073 0.11285714285714285
