0 0.3215 0.5785714285714286 0.083 0.11714285714285715
0 0.6015 0.9128571428571428 0.103 0.15142857142857144
0 0.5075 0.6235714285714286 0.049 0.06714285714285714
0 0.9175 0.785 0.101 0.1442857142857143
0 0.3625 0.29428571428571426 0.049 0.06857142857142857
0 0.622 0.8992857142857142 0.06 0.08428571428571428
0 0.937 0.32571428571428573 0.062 0.08857142857142856
0 0.2785 0.285 0.095 0.1357142857142857
0 0.9325 0.6871428571428572 0.061 0.08571428571428572
0 0.577 0.5471428571428572 0.076 0.10571428571428572
0 0.22 0.35642857142857143 0.048 0.07285714285714286
0 0.275 0.24 0.046 0.06857142857142857
0 0.254 0.8421428571428572 0.04 0.05857142857142857
