0 0.5715 0.755 0.083 0.11571428571428571
0 0.6205 0.20857142857142857 0.079 0.11714285714285715
0 0.74 0.5528571428571428 0.068 0.1
0 0.7115 0.8092857142857143 0.045 0.06428571428571428
0 0.5505 0.8328571428571429 0.105 0.14857142857142858
0 0.452 0.49214285714285716 0.058 0.08714285714285715
0 0.4885 0.8271428571428572 0.045 0.06571428571428571
0 0.671 0.5835714285714285 0.068 0.10714285714285714
0 0.836 0.19357142857142856 0.064 0.09857142857142857
0 0.9195 0.7242857142857143 0.081 0.10285714285714286
0 0.84 0.16142857142857142 0.078 0.10571428571428572
0 0.3445 0.7528571428571429 0.093 0.12857142857142856
0 0.116 0.6971428571428572 0.032 0.04857142857142857
