0 0.8495 0.18928571428571428 0.043 0.06142857142857143
0 0.7055 0.8428571428571429 0.103 0.14857142857142858
0 0.3825 0.8807142857142857 0.079 0.11571428571428571
0 0.5565 0.65 0.061 0.08857142857142856
0 0.091 0.6178571428571429 0.078 0.10714285714285714
0 0.7265 0.20785714285714285 0.101 0.14714285714285713
0 0.0685 0.17714285714285713 0.071 0.1
0 0.576 0.7271428571428571 0.066 0.09428571428571429
0 0.7505 0.79 0.071 0.10857142857142857
0 0.208 0.82 0.056 0.08
0 0.5625 0.5871428571428572 0.033 0.045714285714285714
