0 0.685 0.3535714285714286 0.048 0.06714285714285714
0 0.692 0.8492857142857143 0.036 0.047142857142857146
0 0.1735 0.48714285714285716 0.081 0.11428571428571428
0 0.1075 0.8721428571428571 0.069 0.10142857142857142
0 0.1645 0.7492857142857143 0.061 0.08714285714285715
0 0.8795 0.7885714285714286 0.045 0.06
0 0.0925 0.38857142857142857 0.067 0.1
0 0.262 0.3292857142857143 0.074 0.11
0 0.789 0.4828571428571429 0.036 0.04857142857142857
0 0.8325 0.5035714285714286 0.081 0.11285714285714285
0 0.471 0.13642857142857143 0.054 0.07
0 0.449 0.8028571428571428 0.072 0.09714285714285714
0 0.8765 0.19642857142857142 0.077 0.12142857142857143
