0 0.316 0.475 0.07 0.10428571428571429
0 0.881 0.23714285714285716 0.068 0.09428571428571429
0 0.6895 0.655 0.067 0.08428571428571428
0 0.923 0.45714285714285713 0.038 0.05714285714285714
0 0.901 0.46214285714285713 0.062 0.08714285714285715
0 0.1635 0.19357142857142856 0.097 0.13285714285714287
0 0.8255 0.8221428571428572 0.039 0.05
0 0.9 0.5571428571428572 0.08 0.11142857142857143
0 0.2245 0.09214285714285714 0.075 0.11
0 0.6845 0.8714285714285714 0.071 0.10285714285714286
0 0.087 0.3557142857142857 0.072 0.09714285714285714
0 0.1815 0.295 0.067 0.09857142857142857
0 0.196 0.26357142857142857 0.036 0.05857142857142857
0 0.3275 0.5121428571428571 0.049 0.07857142857142857
