0 0.7775 0.6735714285714286 0.061 0.09
0 0.541 0.26357142857142857 0.068 0.10142857142857142
0 0.5005 0.18642857142857142 0.101 0.1442857142857143
0 0.842 0.5721428571428572 0.08 0.11285714285714285
0 0.389 0.6171428571428571 0.054 0.07714285714285714
0 0.7125 0.4328571428571429 0.081 0.11142857142857143
0 0.179 0.8914285714285715 0.056 0.08
0 0.063 0.5785714285714286 0.056 0.07714285714285714
0 0.866 0.16428571428571428 0.082 0.11714285714285715
0 0.695 0.13357142857142856 0.082 0.12428571428571429
0 0.6625 0.7321428571428571 0.039 0.055714285714285716
