0 0.1545 0.19071428571428573 0.079 0.11571428571428571
0 0.667 0.8028571428571428 0.038 0.054285714285714284
0 0.87 0.775 0.046 0.06428571428571428
0 0.796 0.18571428571428572 0.056 0.08571428571428572
0 0.2495 0.6557142857142857 0.097 0.13428571428571429
0 0.4155 0.8821428571428571 0.103 0.15
0 0.809 0.49214285714285716 0.082 0.10714285714285714
0 0.082 0.24571428571428572 0.062 0.09142857142857143
0 0.3075 0.29928571428571427 0.069 0.09857142857142857
0 0.1215 0.8371428571428572 0.071 0.10285714285714286
0 0.16 0.415 0.074 0.09857142857142857
0 0.8615 0.41928571428571426 0.085 0.12428571428571429
0 0.5165 0.25857142857142856 0.049 0.06857142857142857
0 0.1085 0.26285714285714284 0.051 0.07142857142857142
0 0.942 0.91 0.086 0.12857142857142856
