0 0.9365 0.6664285714285715 0.047 0.06142857142857143
0 0.3125 0.16785714285714284 0.033 0.047142857142857146
0 0.4335 0.845 0.037 0.05857142857142857
0 0.266 0.13785714285714284 0.074 0.11
0 0.454 0.5842857142857143 0.042 0.05714285714285714
0 0.555 0.14214285714285715 0.044 0.06428571428571428
0 0.882 0.3507142857142857 0.088 0.12714285714285714
0 0.6555 0.20642857142857143 0.053 0.07
0 0.86 0.34785714285714286 0.052 0.07285714285714286
0 0.8125 0.5057142857142857 0.037 0.05142857142857143
0 0.191 0.46214285714285713 0.038 0.055714285714285716
