0 0.1095 0.345 0.037 0.05
0 0.2375 0.8457142857142858 0.063 0.09428571428571429
0 0.759 0.8935714285714286 0.046 0.06428571428571428
0 0.73 0.8214285714285714 0.052 0.07714285714285714
0 0.6115 0.6071428571428571 0.093 0.13142857142857142
0 0.3595 0.7171428571428572 0.093 0.13714285714285715
0 0.4435 0.13285714285714287 0.045 0.06285714285714286
0 0.823 0.9007142857142857 0.046 0.06714285714285714
0 0.0755 0.8814285714285715 0.103 0.14285714285714285
0 0.221 0.36428571428571427 0.084 0.11428571428571428
0 0.116 0.7564285714285715 0.044 0.06142857142857143
