0 0.37 0.6357142857142857 0.072 0.10571428571428572
0 0.5685 0.2571428571428571 0.069 0.09714285714285714
0 0.8675 0.17142857142857143 0.081 0.11428571428571428
0 0.245 0.5471428571428572 0.056 0.08285714285714285
0 0.5475 0.5521428571428572 0.049 0.08142857142857143
0 0.3725 0.6935714285714286 0.039 0.055714285714285716
0 0.6395 0.5557142857142857 0.057 0.08571428571428572
0 0.2675 0.7792857142857142 0.077 0.11
0 0.49 0.21214285714285713 0.042 0.05857142857142857
0 0.4405 0.3507142857142857 0.093 0.13285714285714287
0 0.331 0.17857142857142858 0.096 0.12857142857142856
0 0.809 0.8814285714285715 0.04 0.05714285714285714
0 0.0805 0.08214285714285714 0.057 0.08714285714285715
0 0.4335 0.12785714285714286 0.055 0.07571428571428572
