0 0.4395 0.5535714285714286 0.059 0.09
0 0.6865 0.4685714285714286 0.103 0.14857142857142858
0 0.866 0.11785714285714285 0.072 0.10428571428571429
0 0.692 0.14285714285714285 0.046 0.05714285714285714
0 0.083 0.355 0.05 0.06714285714285714
0 0.5525 0.43642857142857144 0.053 0.07571428571428572
0 0.846 0.6707142857142857 0.048 0.06714285714285714
0 0.6275 0.5157142857142857 0.073 0.11142857142857143
0 0.879 0.38285714285714284 0.082 0.11714285714285715
0 0.633 0.5485714285714286 0.056 0.08857142857142856
0 0.801 0.6557142857142857 0.052 0.07142857142857142
0 0.197 0.72 0.076 0.10571428571428572
