0 0.885 0.8792857142857143 0.052 0.07285714285714286
0 0.8275 0.8121428571428572 0.059 0.08142857142857143
0 0.142 0.215 0.044 0.06142857142857143
0 0.2665 0.6235714285714286 0.081 0.11571428571428571
0 0.4385 0.23714285714285716 0.073 0.10857142857142857
0 0.1975 0.26357142857142857 0.081 0.10428571428571429
0 0.8615 0.25642857142857145 0.053 0.07857142857142857
0 0.4165 0.31857142857142856 0.079 0.11428571428571428
0 0.1805 0.22 0.085 0.11714285714285715
0 0.1885 0.8607142857142858 0.073 0.10714285714285714
0 0.876 0.7835714285714286 0.102 0.14714285714285713
0 0.8025 0.3007142857142857 0.087 0.11
0 0.796 0.7207142857142858 0.058 0.08714285714285715
0 0.6965 0.3292857142857143 0.075 0.10714285714285714
0 0.243 0.12285714285714286 0.054 0.07428571428571429
