0 0.494 0.1692857142857143 0.088 0.11857142857142858
0 0.7795 0.7321428571428571 0.047 0.07285714285714286
0 0.2935 0.5264285714285715 0.035 0.047142857142857146
0 0.889 0.6021428571428571 0.052 0.07571428571428572
0 0.8505 0.5464285714285714 0.077 0.10428571428571429
0 0.76 0.6821428571428572 0.036 0.05
0 0.7255 0.6907142857142857 0.031 0.04428571428571428
0 0.103 0.18214285714285713 0.048 0.07
0 0.2895 0.4907142857142857 0.051 0.07571428571428572
0 0.5835 0.5 0.055 0.07428571428571429
0 0.4585 0.8435714285714285 0.101 0.13857142857142857
0 0.334 0.34285714285714286 0.06 0.08857142857142856
