0 0.086 0.5671428571428572 0.094 0.13428571428571429
0 0.3185 0.2914285714285714 0.073 0.1
0 0.4485 0.40285714285714286 0.067 0.1
0 0.338 0.6257142857142857 0.098 0.14
0 0.503 0.4278571428571429 0.07 0.09285714285714286
0 0.3035 0.8485714285714285 0.087 0.12285714285714286
0 0.812 0.6957142857142857 0.068 0.09428571428571429
0 0.7705 0.20714285714285716 0.091 0.13428571428571429
0 0.7445 0.47 0.077 0.10857142857142857
0 0.8975 0.26142857142857145 0.045 0.06857142857142857
0 0.421 0.5135714285714286 0.108 0.15285714285714286
0 0.6035 0.8792857142857143 0.061 0.08428571428571428
0 0.391 0.26785714285714285 0.052 0.07857142857142857
