0 0.774 0.7871428571428571 0.082 0.11714285714285715
0 0.8535 0.4 0.093 0.13142857142857142
0 0.4815 0.8492857142857143 0.083 0.12142857142857143
0 0.7175 0.23142857142857143 0.037 0.054285714285714284
0 0.3985 0.2292857142857143 0.099 0.13857142857142857
0 0.687 0.8114285714285714 0.05 0.07428571428571429
0 0.6085 0.3242857142857143 0.099 0.14285714285714285
0 0.2415 0.23214285714285715 0.033 0.04428571428571428
0 0.9215 0.6514285714285715 0.065 0.09428571428571429
0 0.6935 0.08785714285714286 0.085 0.12142857142857143
0 0.7875 0.7478571428571429 0.065 0.09571428571428571
0 0.364 0.10571428571428572 0.048 0.06857142857142857
0 0.6905 0.5435714285714286 0.063 0.09
0 0.56 0.21642857142857144 0.058 0.08714285714285715
