0 0.2 0.2571428571428571 0.06 0.08571428571428572
0 0.372 0.4785714285714286 0.056 0.08
0 0.8295 0.755 0.037 0.055714285714285716
0 0.1955 0.09428571428571429 0.059 0.08857142857142856
0 0.2305 0.31142857142857144 0.053 0.07714285714285714
0 0.784 0.10071428571428571 0.03 0.041428571428571426
0 0.6755 0.23214285714285715 0.047 0.06714285714285714
0 0.7065 0.8085714285714286 0.083 0.12571428571428572
0 0.701 0.4164285714285714 0.08 0.11857142857142858
0 0.1895 0.6942857142857143 0.055 0.07714285714285714
0 0.356 0.8742857142857143 0.076 0.10285714285714286
0 0.6295 0.28214285714285714 0.063 0.09285714285714286
