0 0.796 0.8742857142857143 0.082 0.11142857142857143
0 0.5795 0.25357142857142856 0.063 0.08714285714285715
0 0.45 0.6728571428571428 0.066 0.09714285714285714
0 0.3925 0.16357142857142856 0.041 0.06428571428571428
0 0.437 0.38285714285714284 0.084 0.12
0 0.1585 0.24928571428571428 0.059 0.08428571428571428
0 0.5525 0.25785714285714284 0.067 0.09285714285714286
0 0.6925 0.11857142857142858 0.049 0.06571428571428571
0 0.878 0.7878571428571428 0.046 0.06428571428571428
0 0.896 0.3192857142857143 0.042 0.06428571428571428
0 0.2625 0.10285714285714286 0.043 0.06
0 0.6185 0.6564285714285715 0.103 0.1442857142857143
0 0.5 0.3292857142857143 0.054 0.07
0 0.732 0.22357142857142856 0.028 0.047142857142857146
0 0.4465 0.5721428571428572 0.085 0.12142857142857143
