0 0.171 0.8057142857142857 0.102 0.14285714285714285
0 0.4855 0.16214285714285714 0.073 0.11
0 0.6455 0.23214285714285715 0.069 0.09857142857142857
0 0.824 0.225 0.044 0.06142857142857143
0 0.508 0.45714285714285713 0.048 0.07142857142857142
0 0.2275 0.3892857142857143 0.095 0.1357142857142857
0 0.9035 0.2857142857142857 0.057 0.08571428571428572
0 0.357 0.8721428571428571 0.088 0.12714285714285714
0 0.2015 0.7335714285714285 0.079 0.11
0 0.224 0.4642857142857143 0.066 0.10285714285714286
0 0.1755 0.15928571428571428 0.053 0.07
0 0.2025 0.3657142857142857 0.059 0.08
