0 0.1715 0.3792857142857143 0.041 0.05857142857142857
0 0.6445 0.20714285714285716 0.083 0.12
0 0.8755 0.8914285714285715 0.063 0.08571428571428572
0 0.436 0.8028571428571428 0.044 0.06571428571428571
0 0.1665 0.2792857142857143 0.059 0.08142857142857143
0 0.831 0.46214285714285713 0.048 0.07285714285714286
0 0.219 0.3842857142857143 0.068 0.09428571428571429
0 0.674 0.7628571428571429 0.104 0.14857142857142858
0 0.1975 0.6792857142857143 0.079 0.11
0 0.5585 0.6007142857142858 0.091 0.13
0 0.55 0.2571428571428571 0.048 0.06571428571428571
