0 0.865 0.5371428571428571 0.078 0.11142857142857143
0 0.8825 0.7692857142857142 0.051 0.07
0 0.804 0.6735714285714286 0.086 0.12714285714285714
0 0.223 0.34785714285714286 0.09 0.12714285714285714
0 0.485 0.5585714285714286 0.066 0.09428571428571429
0 0.8525 0.14642857142857144 0.093 0.13285714285714287
0 0.102 0.9014285714285715 0.034 0.05142857142857143
0 0.0965 0.8892857142857142 0.073 0.10428571428571429
0 0.597 0.8057142857142857 0.102 0.1457142857142857
0 0.1135 0.105 0.039 0.055714285714285716
0 0.425 0.23285714285714285 0.072 0.10857142857142857
0 0.786 0.37142857142857144 0.092 0.13142857142857142
0 0.4675 0.7835714285714286 0.061 0.08428571428571428
