0 0.19 0.30714285714285716 0.058 0.08571428571428572
0 0.253 0.865 0.076 0.10428571428571429
0 0.2035 0.23642857142857143 0.037 0.05285714285714286
0 0.1725 0.5585714285714286 0.097 0.13714285714285715
0 0.2255 0.8107142857142857 0.079 0.12142857142857143
0 0.6685 0.7092857142857143 0.097 0.13857142857142857
0 0.1235 0.54 0.059 0.08571428571428572
0 0.745 0.41214285714285714 0.068 0.10428571428571429
0 0.632 0.525 0.104 0.15
0 0.7705 0.8885714285714286 0.039 0.054285714285714284
0 0.157 0.41785714285714287 0.082 0.10714285714285714
0 0.5275 0.8392857142857143 0.101 0.14142857142857143
0 0.39 0.7464285714285714 0.09 0.12428571428571429
0 0.2255 0.595 0.045 0.06714285714285714
