0 0.9185 0.9092857142857143 0.043 0.06714285714285714
0 0.8455 0.8828571428571429 0.087 0.12857142857142856
0 0.457 0.6014285714285714 0.086 0.11714285714285715
0 0.3575 0.38 0.087 0.12
0 0.3905 0.16 0.101 0.14857142857142858
0 0.204 0.6107142857142858 0.058 0.07857142857142857
0 0.8845 0.3335714285714286 0.051 0.07285714285714286
0 0.927 0.3242857142857143 0.088 0.11714285714285715
0 0.654 0.8421428571428572 0.104 0.15
0 0.0775 0.3842857142857143 0.079 0.12
0 0.726 0.715 0.062 0.09
0 0.656 0.6828571428571428 0.032 0.04857142857142857
0 0.2875 0.24714285714285714 0.053 0.07714285714285714
0 0.5555 0.175 0.085 0.12428571428571429
