0 0.7185 0.5771428571428572 0.075 0.10857142857142857
0 0.814 0.34714285714285714 0.082 0.11714285714285715
0 0.415 0.14 0.068 0.10285714285714286
0 0.6835 0.6978571428571428 0.035 0.047142857142857146
0 0.2665 0.5042857142857143 0.053 0.07714285714285714
0 0.6875 0.7192857142857143 0.069 0.10428571428571429
0 0.8445 0.19428571428571428 0.063 0.08571428571428572
0 0.5605 0.5492857142857143 0.045 0.06428571428571428
0 0.461 0.15928571428571428 0.042 0.055714285714285716
0 0.6035 0.2957142857142857 0.037 0.05142857142857143
0 0.8585 0.21214285714285713 0.077 0.11857142857142858
0 0.1255 0.42857142857142855 0.053 0.07428571428571429
0 0.2435 0.7878571428571428 0.055 0.07571428571428572
0 0.5935 0.13428571428571429 0.045 0.06857142857142857
0 0.9215 0.8742857142857143 0.077 0.10285714285714286
