0 0.38 0.81 0.074 0.1
0 0.161 0.30357142857142855 0.054 0.07571428571428572
0 0.146 0.19714285714285715 0.066 0.09142857142857143
0 0.48 0.6 0.03 0.04
0 0.8195 0.8757142857142857 0.083 0.12
0 0.628 0.49642857142857144 0.068 0.09857142857142857
0 0.906 0.6435714285714286 0.058 0.09285714285714286
0 0.9095 0.7414285714285714 0.081 0.10857142857142857
0 0.8055 0.39785714285714285 0.033 0.04428571428571428
0 0.2155 0.21 0.035 0.04285714285714286
0 0.2945 0.8 0.049 0.07142857142857142
0 0.7295 0.4757142857142857 0.103 0.14857142857142858
0 0.655 0.10785714285714286 0.046 0.06714285714285714
