0 0.858 0.40285714285714286 0.084 0.12
0 0.1075 0.4092857142857143 0.057 0.08142857142857143
0 0.6475 0.40285714285714286 0.093 0.13714285714285715
0 0.9285 0.23285714285714285 0.037 0.054285714285714284
0 0.8685 0.7464285714285714 0.047 0.06714285714285714
0 0.343 0.1992857142857143 0.066 0.09857142857142857
0 0.886 0.1407142857142857 0.052 0.07857142857142857
0 0.3515 0.7342857142857143 0.071 0.09714285714285714
0 0.291 0.37857142857142856 0.072 0.10571428571428572
0 0.4335 0.51 0.059 0.08285714285714285
0 0.1235 0.11571428571428571 0.051 0.07142857142857142
0 0.755 0.7364285714285714 0.048 0.06714285714285714
0 0.6105 0.4764285714285714 0.101 0.1442857142857143
0 0.3495 0.7964285714285714 0.061 0.08428571428571428
0 0.8715 0.2842857142857143 0.057 0.07428571428571429
