0 0.123 0.8528571428571429 0.04 0.05714285714285714
0 0.0885 0.7735714285714286 0.077 0.10714285714285714
0 0.606 0.795 0.078 0.12142857142857143
0 0.806 0.5735714285714286 0.07 0.09285714285714286
0 0.196 0.15285714285714286 0.1 0.1457142857142857
0 0.0795 0.15214285714285714 0.039 0.05857142857142857
0 0.8095 0.4492857142857143 0.065 0.10142857142857142
0 0.759 0.36142857142857143 0.108 0.15142857142857144
0 0.8235 0.45357142857142857 0.103 0.14714285714285713
0 0.575 0.5357142857142857 0.058 0.08
0 0.93 0.38142857142857145 0.04 0.05714285714285714
