0 0.568 0.5678571428571428 0.044 0.06142857142857143
0 0.0685 0.22214285714285714 0.039 0.05285714285714286
0 0.937 0.8614285714285714 0.068 0.10285714285714286
0 0.479 0.65 0.06 0.07142857142857142
0 0.617 0.7221428571428572 0.062 0.08428571428571428
0 0.782 0.20285714285714285 0.056 0.08
0 0.8845 0.8728571428571429 0.051 0.07142857142857142
0 0.6985 0.09785714285714285 0.069 0.09857142857142857
0 0.164 0.25357142857142856 0.076 0.10428571428571429
0 0.1525 0.2292857142857143 0.055 0.07571428571428572
0 0.256 0.235 0.034 0.05
0 0.4455 0.2392857142857143 0.043 0.06428571428571428
0 0.3715 0.4828571428571429 0.053 0.07428571428571429
0 0.361 0.7778571428571428 0.086 0.12428571428571429
0 0.4825 0.6157142857142858 0.059 0.08285714285714285
