0 0.6565 0.1707142857142857 0.065 0.09285714285714286
0 0.145 0.4107142857142857 0.076 0.10714285714285714
0 0.504 0.2764285714285714 0.09 0.12428571428571429
0 0.176 0.805 0.086 0.11571428571428571
0 0.8745 0.5828571428571429 0.057 0.07714285714285714
0 0.5135 0.30714285714285716 0.079 0.11142857142857143
0 0.419 0.39785714285714285 0.084 0.12428571428571429
0 0.8415 0.5807142857142857 0.087 0.12714285714285714
0 0.0665 0.4057142857142857 0.039 0.05714285714285714
0 0.4025 0.4328571428571429 0.037 0.04857142857142857
0 0.46 0.885 0.038 0.05857142857142857
0 0.157 0.7778571428571428 0.044 0.06142857142857143
0 0.1 0.8392857142857143 0.046 0.06428571428571428
0 0.061 0.11 0.104 0.14857142857142858
0 0.5355 0.5285714285714286 0.063 0.08857142857142856
