0 0.4665 0.42428571428571427 0.103 0.14857142857142858
0 0.8245 0.6928571428571428 0.051 0.07428571428571429
0 0.353 0.9007142857142857 0.084 0.12142857142857143
0 0.367 0.8535714285714285 0.08 0.11857142857142858
0 0.3495 0.39785714285714285 0.083 0.12142857142857143
0 0.1475 0.12714285714285714 0.077 0.10857142857142857
0 0.747 0.21785714285714286 0.036 0.05285714285714286
0 0.545 0.7928571428571428 0.104 0.14857142857142858
0 0.6275 0.8935714285714286 0.071 0.10142857142857142
0 0.8275 0.24357142857142858 0.051 0.06714285714285714
0 0.5055 0.7285714285714285 0.071 0.1
0 0.903 0.9171428571428571 0.064 0.09428571428571429
0 0.8835 0.6264285714285714 0.081 0.11857142857142858
