0 0.2915 0.11785714285714285 0.101 0.14714285714285713
0 0.651 0.19428571428571428 0.056 0.07714285714285714
0 0.471 0.6857142857142857 0.044 0.06571428571428571
0 0.9115 0.3942857142857143 0.059 0.08857142857142856
0 0.6295 0.13714285714285715 0.049 0.07142857142857142
0 0.372 0.8685714285714285 0.088 0.13714285714285715
0 0.5015 0.3692857142857143 0.071 0.10142857142857142
0 0.2935 0.8285714285714286 0.051 0.07428571428571429
0 0.656 0.3414285714285714 0.04 0.06285714285714286
0 0.7375 0.8964285714285715 0.083 0.11857142857142858
0 0.516 0.8307142857142857 0.09 0.12714285714285714
