0 0.5655 0.875 0.043 0.06142857142857143
0 0.434 0.6971428571428572 0.064 0.09142857142857143
0 0.8535 0.36642857142857144 0.061 0.09
0 0.2345 0.7307142857142858 0.047 0.06428571428571428
0 0.4965 0.8392857142857143 0.041 0.05857142857142857
0 0.8015 0.8464285714285714 0.063 0.09
0 0.901 0.8642857142857143 0.044 0.06
0 0.2035 0.495 0.097 0.1357142857142857
0 0.7445 0.9085714285714286 0.089 0.12285714285714286
0 0.3095 0.865 0.083 0.11571428571428571
0 0.688 0.4564285714285714 0.068 0.11
0 0.836 0.23214285714285715 0.044 0.05857142857142857
0 0.8785 0.8 0.071 0.10285714285714286
