0 0.19 0.7071428571428572 0.084 0.11714285714285715
0 0.232 0.6821428571428572 0.092 0.12428571428571429
0 0.9325 0.1707142857142857 0.087 0.11857142857142858
0 0.3295 0.4235714285714286 0.059 0.08714285714285715
0 0.3055 0.5735714285714286 0.043 0.05857142857142857
0 0.847 0.5342857142857143 0.074 0.10285714285714286
0 0.139 0.12428571428571429 0.084 0.11428571428571428
0 0.1035 0.18714285714285714 0.041 0.05714285714285714
0 0.7935 0.5564285714285714 0.041 0.055714285714285716
0 0.0625 0.7371428571428571 0.077 0.10857142857142857
0 0.877 0.5985714285714285 0.078 0.11428571428571428
0 0.388 0.25642857142857145 0.064 0.09285714285714286
0 0.3755 0.1357142857142857 0.057 0.08
0 0.673 0.8571428571428571 0.1 0.14285714285714285
0 0.8155 0.5821428571428572 0.101 0.1442857142857143
