0 0.1265 0.24714285714285714 0.079 0.11428571428571428
0 0.852 0.7085714285714285 0.058 0.08857142857142856
0 0.378 0.83 0.078 0.11428571428571428
0 0.273 0.26285714285714284 0.052 0.07142857142857142
0 0.235 0.2757142857142857 0.046 0.06285714285714286
0 0.517 0.8814285714285715 0.052 0.07142857142857142
0 0.8615 0.3707142857142857 0.039 0.05285714285714286
0 0.6365 0.5285714285714286 0.101 0.14285714285714285
0 0.8275 0.5578571428571428 0.051 0.07285714285714286
0 0.5745 0.8935714285714286 0.089 0.13
