0 0.946 0.89 0.086 0.12857142857142856
0 0.6645 0.7371428571428571 0.049 0.07142857142857142
0 0.797 0.6928571428571428 0.07 0.09428571428571429
0 0.5565 0.40785714285714286 0.089 0.12142857142857143
0 0.887 0.6378571428571429 0.092 0.13285714285714287
0 0.4205 0.7285714285714285 0.041 0.05714285714285714
0 0.5465 0.38 0.067 0.10857142857142857
0 0.6225 0.57 0.053 0.07714285714285714
0 0.736 0.8257142857142857 0.06 0.08285714285714285
0 0.497 0.8171428571428572 0.064 0.08857142857142856
0 0.2025 0.34214285714285714 0.053 0.07857142857142857
0 0.684 0.2557142857142857 0.094 0.13714285714285715
0 0.795 0.5228571428571429 0.078 0.11428571428571428
0 0.1025 0.5571428571428572 0.055 0.07428571428571429
