0 0.563 0.20785714285714285 0.094 0.13
0 0.3235 0.3028571428571429 0.037 0.06
0 0.5845 0.2642857142857143 0.039 0.05714285714285714
0 0.884 0.6457142857142857 0.052 0.07428571428571429
0 0.425 0.495 0.078 0.11571428571428571
0 0.564 0.5835714285714285 0.066 0.08714285714285715
0 0.298 0.6578571428571428 0.048 0.07285714285714286
0 0.4755 0.7321428571428571 0.077 0.11285714285714285
0 0.438 0.44857142857142857 0.076 0.11142857142857143
0 0.454 0.7942857142857143 0.034 0.05142857142857143
0 0.3335 0.10357142857142858 0.039 0.055714285714285716
0 0.733 0.5764285714285714 0.076 0.10714285714285714
0 0.233 0.8592857142857143 0.094 0.13857142857142857
0 0.6525 0.30428571428571427 0.057 0.08285714285714285
