0 0.8595 0.9028571428571428 0.089 0.12571428571428572
0 0.506 0.6371428571428571 0.066 0.09428571428571429
0 0.088 0.5857142857142857 0.044 0.06285714285714286
0 0.859 0.6171428571428571 0.078 0.10571428571428572
0 0.77 0.7278571428571429 0.084 0.12142857142857143
0 0.766 0.6864285714285714 0.076 0.10714285714285714
0 0.851 0.6828571428571428 0.094 0.13142857142857142
0 0.925 0.7107142857142857 0.076 0.10714285714285714
0 0.877 0.1442857142857143 0.092 0.13142857142857142
0 0.2095 0.8635714285714285 0.075 0.11285714285714285
0 0.5925 0.845 0.093 0.13
0 0.1945 0.295 0.083 0.11857142857142858
0 0.8815 0.20642857142857143 0.073 0.10142857142857142
0 0.35 0.2735714285714286 0.09 0.13
0 0.1835 0.5785714285714286 0.091 0.13428571428571429
