0 0.355 0.33285714285714285 0.09 0.13142857142857142
0 0.348 0.18714285714285714 0.048 0.06857142857142857
0 0.257 0.095 0.066 0.09571428571428571
0 0.0805 0.5571428571428572 0.083 0.11714285714285715
0 0.3845 0.6964285714285714 0.037 0.05
0 0.5055 0.4442857142857143 0.041 0.06
0 0.3895 0.8028571428571428 0.073 0.10857142857142857
0 0.552 0.3757142857142857 0.078 0.10857142857142857
0 0.116 0.3485714285714286 0.072 0.1
0 0.7615 0.8828571428571429 0.061 0.08857142857142856
0 0.702 0.3242857142857143 0.078 0.11428571428571428
0 0.8375 0.6892857142857143 0.069 0.10714285714285714
0 0.274 0.4607142857142857 0.104 0.15
0 0.8375 0.15214285714285714 0.055 0.09285714285714286
0 0.3205 0.755 0.071 0.09571428571428571
