0 0.2075 0.4407142857142857 0.043 0.06428571428571428
0 0.111 0.3578571428571429 0.058 0.08142857142857143
0 0.593 0.7485714285714286 0.062 0.08285714285714285
0 0.856 0.9014285714285715 0.102 0.1457142857142857
0 0.593 0.8828571428571429 0.036 0.04857142857142857
0 0.8785 0.5521428571428572 0.087 0.12428571428571429
0 0.3565 0.36642857142857144 0.055 0.08142857142857143
0 0.6995 0.7857142857142857 0.053 0.07714285714285714
0 0.7945 0.6471428571428571 0.063 0.08571428571428572
0 0.3405 0.8021428571428572 0.105 0.14714285714285713
0 0.478 0.445 0.068 0.09285714285714286
0 0.495 0.3457142857142857 0.08 0.11428571428571428
