0 0.085 0.13 0.066 0.08857142857142856
0 0.5225 0.6771428571428572 0.055 0.07428571428571429
0 0.0855 0.24714285714285714 0.065 0.09714285714285714
0 0.8165 0.215 0.095 0.1357142857142857
0 0.376 0.7471428571428571 0.11 0.15714285714285714
0 0.5115 0.8407142857142857 0.057 0.08142857142857143
0 0.788 0.4585714285714286 0.066 0.1
0 0.8875 0.7757142857142857 0.065 0.10571428571428572
0 0.782 0.4664285714285714 0.094 0.1357142857142857
0 0.407 0.5535714285714286 0.108 0.15285714285714286
0 0.3375 0.4607142857142857 0.055 0.07571428571428572
0 0.4565 0.8621428571428571 0.055 0.07571428571428572
0 0.2815 0.9085714285714286 0.043 0.06
0 0.318 0.6942857142857143 0.1 0.14285714285714285
0 0.565 0.8735714285714286 0.096 0.1357142857142857
