0 0.787 0.4878571428571429 0.052 0.07571428571428572
0 0.415 0.1392857142857143 0.062 0.09
0 0.549 0.16857142857142857 0.044 0.06571428571428571
0 0.1125 0.5378571428571428 0.055 0.07571428571428572
0 0.518 0.6028571428571429 0.046 0.06571428571428571
0 0.7005 0.6585714285714286 0.031 0.04
0 0.703 0.22857142857142856 0.046 0.06857142857142857
0 0.5505 0.6421428571428571 0.043 0.06142857142857143
0 0.813 0.5192857142857142 0.084 0.11857142857142858
0 0.438 0.28785714285714287 0.056 0.08428571428571428
