0 0.608 0.3921428571428571 0.04 0.05285714285714286
0 0.1435 0.7178571428571429 0.053 0.06714285714285714
0 0.931 0.4928571428571429 0.042 0.06
0 0.717 0.64 0.086 0.12571428571428572
0 0.5535 0.23285714285714285 0.043 0.06285714285714286
0 0.8235 0.5028571428571429 0.099 0.14285714285714285
0 0.7945 0.7221428571428572 0.037 0.05
0 0.115 0.8678571428571429 0.044 0.06142857142857143
0 0.105 0.5321428571428571 0.052 0.06714285714285714
0 0.4385 0.105 0.065 0.10142857142857142
0 0.283 0.3192857142857143 0.036 0.055714285714285716
0 0.5215 0.7057142857142857 0.059 0.08857142857142856
0 0.3945 0.3507142857142857 0.075 0.10714285714285714
0 0.3875 0.19142857142857142 0.059 0.08571428571428572
