0 0.3855 0.09428571428571429 0.071 0.1
0 0.396 0.09214285714285714 0.042 0.06142857142857143
0 0.163 0.34214285714285714 0.07 0.09857142857142857
0 0.3695 0.5342857142857143 0.041 0.06
0 0.548 0.4607142857142857 0.1 0.1442857142857143
0 0.513 0.135 0.042 0.05857142857142857
0 0.4785 0.5142857142857142 0.097 0.13714285714285715
0 0.3975 0.295 0.069 0.09285714285714286
0 0.904 0.3985714285714286 0.056 0.08285714285714285
0 0.268 0.2914285714285714 0.098 0.14
0 0.732 0.86 0.076 0.10285714285714286
0 0.2295 0.7821428571428571 0.037 0.055714285714285716
0 0.188 0.3464285714285714 0.098 0.1357142857142857
0 0.568 0.24 0.07 0.10857142857142857
