0 0.482 0.6542857142857142 0.094 0.13714285714285715
0 0.82 0.2642857142857143 0.074 0.10285714285714286
0 0.3145 0.42 0.037 0.05714285714285714
0 0.0695 0.8535714285714285 0.031 0.041428571428571426
0 0.371 0.6914285714285714 0.062 0.08571428571428572
0 0.656 0.785 0.042 0.055714285714285716
0 0.845 0.7971428571428572 0.098 0.14285714285714285
0 0.0955 0.24214285714285713 0.045 0.06714285714285714
0 0.9335 0.1692857142857143 0.055 0.08142857142857143
0 0.347 0.5707142857142857 0.044 0.06142857142857143
0 0.2955 0.8735714285714286 0.065 0.08714285714285715
0 0.8315 0.6342857142857142 0.059 0.08
0 0.2245 0.6492857142857142 0.051 0.07
0 0.1555 0.38 0.045 0.06
0 0.501 0.4257142857142857 0.032 0.04857142857142857
