0 0.5175 0.8028571428571428 0.029 0.045714285714285714
0 0.114 0.1 0.056 0.08285714285714285
0 0.753 0.16214285714285714 0.068 0.09285714285714286
0 0.086 0.42428571428571427 0.092 0.14
0 0.582 0.355 0.086 0.11857142857142858
0 0.696 0.2507142857142857 0.054 0.08714285714285715
0 0.641 0.24928571428571428 0.058 0.08428571428571428
0 0.196 0.7278571428571429 0.1 0.14142857142857143
0 0.9075 0.1 0.101 0.1457142857142857
0 0.939 0.10357142857142858 0.036 0.05285714285714286
0 0.213 0.4807142857142857 0.078 0.10428571428571429
0 0.508 0.10142857142857142 0.052 0.07428571428571429
