0 0.467 0.685 0.05 0.07857142857142857
0 0.165 0.3692857142857143 0.066 0.09571428571428571
0 0.3885 0.8471428571428572 0.065 0.09428571428571429
0 0.198 0.6714285714285714 0.05 0.07428571428571429
0 0.2555 0.5192857142857142 0.083 0.11857142857142858
0 0.857 0.4421428571428571 0.04 0.055714285714285716
0 0.7725 0.21071428571428572 0.055 0.08142857142857143
0 0.5595 0.615 0.055 0.07571428571428572
0 0.2285 0.715 0.047 0.06428571428571428
0 0.3065 0.8864285714285715 0.097 0.1357142857142857
0 0.4975 0.8992857142857142 0.045 0.06142857142857143
0 0.129 0.7735714285714286 0.092 0.1357142857142857
0 0.2955 0.6257142857142857 0.097 0.1457142857142857
