0 0.5165 0.21357142857142858 0.061 0.08714285714285715
0 0.1915 0.4235714285714286 0.057 0.07857142857142857
0 0.87 0.6171428571428571 0.04 0.06571428571428571
0 0.907 0.3357142857142857 0.052 0.08
0 0.384 0.425 0.108 0.15571428571428572
0 0.433 0.57 0.066 0.09142857142857143
0 0.433 0.7885714285714286 0.078 0.10857142857142857
0 0.1455 0.7264285714285714 0.061 0.08714285714285715
0 0.299 0.5864285714285714 0.102 0.14714285714285713
0 0.7685 0.7728571428571429 0.055 0.08
0 0.5315 0.9028571428571428 0.061 0.08
0 0.757 0.6471428571428571 0.058 0.08571428571428572
0 0.3055 0.3492857142857143 0.041 0.05857142857142857
0 0.2745 0.7314285714285714 0.081 0.12
