0 0.9075 0.28714285714285714 0.039 0.06571428571428571
0 0.2415 0.28785714285714287 0.063 0.07857142857142857
0 0.7 0.7778571428571428 0.084 0.11571428571428571
0 0.8505 0.7885714285714286 0.039 0.054285714285714284
0 0.0855 0.715 0.041 0.05857142857142857
0 0.9425 0.35214285714285715 0.087 0.12714285714285714
0 0.569 0.20714285714285716 0.058 0.08571428571428572
0 0.9325 0.555 0.085 0.11857142857142858
0 0.1815 0.7135714285714285 0.069 0.09857142857142857
0 0.8595 0.7142857142857143 0.087 0.12
