0 0.225 0.5314285714285715 0.094 0.13714285714285715
0 0.1885 0.25857142857142856 0.073 0.09714285714285714
0 0.3555 0.3492857142857143 0.051 0.07
0 0.6705 0.1792857142857143 0.091 0.13285714285714287
0 0.1835 0.495 0.055 0.08142857142857143
0 0.5875 0.74 0.079 0.11142857142857143
0 0.8905 0.755 0.035 0.05285714285714286
0 0.3675 0.11357142857142857 0.049 0.07285714285714286
0 0.3035 0.42857142857142855 0.053 0.07428571428571429
0 0.788 0.5157142857142857 0.052 0.07428571428571429
0 0.123 0.7728571428571429 0.04 0.05714285714285714
0 0.3675 0.4442857142857143 0.075 0.10285714285714286
