0 0.112 0.7771428571428571 0.048 0.06857142857142857
0 0.717 0.6735714285714286 0.064 0.09571428571428571
0 0.1095 0.33785714285714286 0.047 0.07
0 0.2895 0.8071428571428572 0.039 0.05714285714285714
0 0.884 0.3392857142857143 0.048 0.07
0 0.907 0.13785714285714284 0.044 0.06428571428571428
0 0.155 0.24142857142857144 0.058 0.08
0 0.6945 0.8942857142857142 0.083 0.12
0 0.719 0.315 0.074 0.10714285714285714
0 0.26 0.6557142857142857 0.048 0.06571428571428571
0 0.9215 0.3821428571428571 0.057 0.08142857142857143
0 0.2985 0.7278571428571429 0.063 0.09285714285714286
