0 0.428 0.5692857142857143 0.056 0.08428571428571428
0 0.294 0.17785714285714285 0.08 0.11
0 0.1765 0.8064285714285714 0.075 0.11285714285714285
0 0.477 0.6814285714285714 0.036 0.04857142857142857
0 0.139 0.2742857142857143 0.086 0.12571428571428572
0 0.6875 0.5685714285714286 0.041 0.06
0 0.089 0.8 0.054 0.07428571428571429
0 0.872 0.21714285714285714 0.068 0.09428571428571429
0 0.532 0.6864285714285714 0.052 0.07571428571428572
0 0.1265 0.7821428571428571 0.079 0.10714285714285714
0 0.492 0.885 0.044 0.06714285714285714
0 0.48 0.455 0.058 0.08142857142857143
0 0.1675 0.7714285714285715 0.049 0.06857142857142857
0 0.126 0.41714285714285715 0.04 0.05714285714285714
