0 0.335 0.8242857142857143 0.06 0.08285714285714285
0 0.3645 0.13357142857142856 0.071 0.10142857142857142
0 0.713 0.6164285714285714 0.088 0.13
0 0.7915 0.345 0.109 0.15571428571428572
0 0.7935 0.23785714285714285 0.099 0.1442857142857143
0 0.79 0.73 0.054 0.07428571428571429
0 0.51 0.29 0.09 0.13142857142857142
0 0.139 0.8878571428571429 0.086 0.12428571428571429
0 0.2505 0.27071428571428574 0.067 0.09857142857142857
0 0.9215 0.3392857142857143 0.067 0.10142857142857142
0 0.3335 0.20285714285714285 0.069 0.09142857142857143
0 0.8415 0.41714285714285715 0.063 0.09142857142857143
0 0.2555 0.1792857142857143 0.079 0.11285714285714285
0 0.388 0.7592857142857142 0.06 0.08714285714285715
0 0.193 0.2835714285714286 0.072 0.09857142857142857
