0 0.693 0.69 0.04 0.05714285714285714
0 0.2065 0.8778571428571429 0.063 0.10142857142857142
0 0.6195 0.24 0.097 0.14
0 0.9125 0.8214285714285714 0.077 0.10285714285714286
0 0.1345 0.6614285714285715 0.037 0.05142857142857143
0 0.467 0.3335714285714286 0.048 0.06714285714285714
0 0.1105 0.17714285714285713 0.081 0.12
0 0.109 0.4342857142857143 0.078 0.10571428571428572
0 0.674 0.7428571428571429 0.09 0.12571428571428572
0 0.3065 0.29714285714285715 0.089 0.12285714285714286
0 0.2085 0.1457142857142857 0.047 0.06571428571428571
0 0.595 0.49357142857142855 0.056 0.08428571428571428
