0 0.9335 0.2571428571428571 0.089 0.12285714285714286
0 0.2125 0.45285714285714285 0.095 0.14
0 0.2725 0.7692857142857142 0.035 0.047142857142857146
0 0.1965 0.18071428571428572 0.057 0.08142857142857143
0 0.211 0.35 0.078 0.10857142857142857
0 0.102 0.8671428571428571 0.042 0.06
0 0.651 0.5714285714285714 0.044 0.06
0 0.6165 0.21142857142857144 0.087 0.12571428571428572
0 0.786 0.5728571428571428 0.062 0.08571428571428572
0 0.2145 0.2885714285714286 0.033 0.05142857142857143
0 0.3345 0.8414285714285714 0.079 0.11142857142857143
