0 0.323 0.7292857142857143 0.056 0.09
0 0.364 0.7078571428571429 0.076 0.11857142857142858
0 0.729 0.37142857142857144 0.07 0.09714285714285714
0 0.397 0.6992857142857143 0.084 0.12142857142857143
0 0.3855 0.49142857142857144 0.031 0.045714285714285714
0 0.2815 0.2392857142857143 0.097 0.13857142857142857
0 0.8865 0.8264285714285714 0.063 0.09
0 0.058 0.23785714285714285 0.058 0.08714285714285715
0 0.7325 0.15357142857142858 0.071 0.10142857142857142
0 0.1085 0.09785714285714285 0.095 0.1357142857142857
0 0.198 0.3414285714285714 0.05 0.06857142857142857
