0 0.918 0.7435714285714285 0.074 0.10714285714285714
0 0.366 0.7021428571428572 0.074 0.10428571428571429
0 0.382 0.6542857142857142 0.054 0.07142857142857142
0 0.3325 0.84 0.095 0.13714285714285715
0 0.1545 0.2621428571428571 0.055 0.08142857142857143
0 0.395 0.7578571428571429 0.038 0.05857142857142857
0 0.593 0.21785714285714286 0.09 0.12142857142857143
0 0.628 0.4592857142857143 0.054 0.07
0 0.45 0.25785714285714284 0.09 0.12714285714285714
0 0.0825 0.6914285714285714 0.083 0.11714285714285715
0 0.5075 0.25 0.087 0.12571428571428572
0 0.087 0.12857142857142856 0.062 0.09428571428571429
0 0.156 0.7707142857142857 0.094 0.13285714285714287
0 0.3395 0.48714285714285716 0.081 0.12
