0 0.7105 0.49 0.077 0.10571428571428572
0 0.855 0.6157142857142858 0.058 0.08285714285714285
0 0.0595 0.6742857142857143 0.037 0.054285714285714284
0 0.7805 0.6557142857142857 0.059 0.08571428571428572
0 0.7925 0.6885714285714286 0.043 0.06285714285714286
0 0.7935 0.18928571428571428 0.083 0.11285714285714285
0 0.2525 0.5635714285714286 0.049 0.06714285714285714
0 0.08 0.5357142857142857 0.106 0.14857142857142858
0 0.853 0.7692857142857142 0.1 0.1442857142857143
0 0.115 0.6014285714285714 0.048 0.07142857142857142
0 0.184 0.09357142857142857 0.086 0.11857142857142858
0 0.9215 0.6114285714285714 0.065 0.08857142857142856
0 0.341 0.2957142857142857 0.06 0.08857142857142856
0 0.4945 0.6407142857142857 0.105 0.15
0 0.1745 0.7571428571428571 0.047 0.06857142857142857
