0 0.496 0.7692857142857142 0.054 0.07285714285714286
0 0.307 0.4 0.048 0.06857142857142857
0 0.834 0.8464285714285714 0.064 0.09285714285714286
0 0.276 0.15714285714285714 0.09 0.12571428571428572
0 0.695 0.8171428571428572 0.058 0.08
0 0.66 0.7207142857142858 0.096 0.13857142857142857
0 0.171 0.39785714285714285 0.068 0.09571428571428571
0 0.151 0.32571428571428573 0.074 0.1
0 0.28 0.5321428571428571 0.06 0.09571428571428571
0 0.067 0.7478571428571429 0.072 0.10428571428571429
0 0.2955 0.3078571428571429 0.105 0.15285714285714286
0 0.6585 0.7421428571428571 0.035 0.05285714285714286
0 0.333 0.42142857142857143 0.08 0.11142857142857143
