0 0.087 0.19857142857142857 0.082 0.12
0 0.1505 0.25357142857142856 0.043 0.06428571428571428
0 0.6625 0.5335714285714286 0.101 0.14142857142857143
0 0.4745 0.36 0.083 0.12285714285714286
0 0.7955 0.8792857142857143 0.069 0.09857142857142857
0 0.6365 0.21 0.089 0.12
0 0.323 0.5185714285714286 0.076 0.10571428571428572
0 0.359 0.255 0.062 0.08428571428571428
0 0.2405 0.6957142857142857 0.053 0.07714285714285714
0 0.358 0.6771428571428572 0.07 0.1
0 0.543 0.6192857142857143 0.062 0.08714285714285715
0 0.49 0.4042857142857143 0.048 0.07142857142857142
