0 0.8375 0.6457142857142857 0.075 0.10285714285714286
0 0.519 0.19142857142857142 0.046 0.06857142857142857
0 0.78 0.6371428571428571 0.07 0.10285714285714286
0 0.6825 0.115 0.083 0.11
0 0.8195 0.43642857142857144 0.037 0.055714285714285716
0 0.476 0.6321428571428571 0.096 0.13857142857142857
0 0.9185 0.5885714285714285 0.047 0.06857142857142857
0 0.841 0.1692857142857143 0.106 0.15285714285714286
0 0.843 0.7642857142857142 0.074 0.11142857142857143
0 0.744 0.3585714285714286 0.064 0.1
0 0.841 0.10714285714285714 0.068 0.09428571428571429
0 0.7045 0.36142857142857143 0.067 0.09428571428571429
0 0.2855 0.565 0.075 0.10428571428571429
0 0.3075 0.8807142857142857 0.085 0.11857142857142858
0 0.776 0.8085714285714286 0.062 0.09142857142857143
