0 0.421 0.2835714285714286 0.058 0.07857142857142857
0 0.5075 0.21714285714285714 0.079 0.10571428571428572
0 0.4845 0.34285714285714286 0.071 0.10285714285714286
0 0.889 0.6407142857142857 0.034 0.04428571428571428
0 0.1825 0.6114285714285714 0.047 0.06857142857142857
0 0.4245 0.34714285714285714 0.051 0.07428571428571429
0 0.607 0.2885714285714286 0.05 0.08285714285714285
0 0.578 0.6007142857142858 0.1 0.14714285714285713
0 0.6555 0.20857142857142857 0.051 0.07142857142857142
0 0.3335 0.32285714285714284 0.055 0.07428571428571429
0 0.8005 0.6942857142857143 0.033 0.045714285714285714
0 0.921 0.3985714285714286 0.042 0.06
0 0.249 0.13 0.09 0.12571428571428572
