0 0.122 0.09714285714285714 0.058 0.07714285714285714
0 0.1655 0.5571428571428572 0.057 0.08571428571428572
0 0.36 0.5385714285714286 0.076 0.10857142857142857
0 0.769 0.8464285714285714 0.046 0.07
0 0.0835 0.7492857142857143 0.085 0.11857142857142858
0 0.1505 0.2307142857142857 0.063 0.09
0 0.279 0.8385714285714285 0.04 0.054285714285714284
0 0.564 0.21428571428571427 0.102 0.14857142857142858
0 0.167 0.8035714285714286 0.098 0.1442857142857143
0 0.9125 0.8828571428571429 0.071 0.10571428571428572
0 0.7725 0.22357142857142856 0.055 0.07285714285714286
0 0.4715 0.495 0.089 0.12714285714285714
