0 0.7555 0.18214285714285713 0.043 0.05857142857142857
0 0.902 0.8542857142857143 0.068 0.09142857142857143
0 0.6055 0.835 0.069 0.10714285714285714
0 0.692 0.3271428571428571 0.052 0.07428571428571429
0 0.5205 0.5428571428571428 0.067 0.09714285714285714
0 0.402 0.21071428571428572 0.092 0.13285714285714287
0 0.799 0.4064285714285714 0.042 0.06714285714285714
0 0.1725 0.5514285714285714 0.097 0.13714285714285715
0 0.381 0.3485714285714286 0.048 0.06571428571428571
0 0.898 0.6978571428571428 0.084 0.12142857142857143
0 0.1495 0.4007142857142857 0.041 0.05857142857142857
