0 0.2895 0.7378571428571429 0.067 0.09857142857142857
0 0.4815 0.8978571428571429 0.075 0.11285714285714285
0 0.576 0.5778571428571428 0.078 0.10714285714285714
0 0.5495 0.45714285714285713 0.043 0.05714285714285714
0 0.8965 0.2807142857142857 0.077 0.10714285714285714
0 0.152 0.5235714285714286 0.076 0.10428571428571429
0 0.4915 0.2742857142857143 0.041 0.05714285714285714
0 0.3565 0.36428571428571427 0.047 0.06857142857142857
0 0.3235 0.22357142857142856 0.039 0.05285714285714286
0 0.3685 0.6935714285714286 0.085 0.12428571428571429
0 0.115 0.4928571428571429 0.058 0.08285714285714285
0 0.693 0.6021428571428571 0.066 0.09571428571428571
0 0.864 0.1957142857142857 0.06 0.09428571428571429
