0 0.6905 0.8235714285714286 0.069 0.09857142857142857
0 0.4555 0.8442857142857143 0.043 0.06
0 0.8195 0.26857142857142857 0.073 0.09714285714285714
0 0.6945 0.20785714285714285 0.049 0.07571428571428572
0 0.3435 0.5471428571428572 0.045 0.06285714285714286
0 0.4835 0.6357142857142857 0.041 0.054285714285714284
0 0.4 0.355 0.062 0.08714285714285715
0 0.176 0.3821428571428571 0.046 0.07285714285714286
0 0.3495 0.2864285714285714 0.073 0.10142857142857142
0 0.3865 0.40214285714285714 0.081 0.11857142857142858
0 0.5845 0.9014285714285715 0.091 0.13428571428571429
