0 0.0745 0.7185714285714285 0.055 0.08285714285714285
0 0.6905 0.27214285714285713 0.073 0.10142857142857142
0 0.3755 0.5114285714285715 0.109 0.15428571428571428
0 0.357 0.15214285714285714 0.098 0.1442857142857143
0 0.765 0.47285714285714286 0.096 0.13428571428571429
0 0.3665 0.16857142857142857 0.099 0.14285714285714285
0 0.8865 0.275 0.097 0.1442857142857143
0 0.5945 0.78 0.093 0.13428571428571429
0 0.324 0.6942857142857143 0.084 0.11142857142857143
0 0.527 0.38785714285714284 0.078 0.10428571428571429
0 0.475 0.3992857142857143 0.046 0.06714285714285714
0 0.422 0.6414285714285715 0.07 0.09428571428571429
0 0.5075 0.2892857142857143 0.063 0.09571428571428571
0 0.542 0.4928571428571429 0.064 0.1
