0 0.9135 0.4185714285714286 0.077 0.11714285714285715
0 0.1025 0.20214285714285715 0.073 0.10142857142857142
0 0.168 0.24714285714285714 0.044 0.06285714285714286
0 0.321 0.7285714285714285 0.088 0.12571428571428572
0 0.1125 0.42857142857142855 0.037 0.05142857142857143
0 0.239 0.5971428571428572 0.072 0.1
0 0.3035 0.6292857142857143 0.051 0.07285714285714286
0 0.592 0.43857142857142856 0.08 0.11428571428571428
0 0.0775 0.6178571428571429 0.079 0.10714285714285714
0 0.247 0.7157142857142857 0.108 0.15428571428571428
0 0.3925 0.6214285714285714 0.077 0.10571428571428572
0 0.5935 0.7371428571428571 0.075 0.11142857142857143
