0 0.8105 0.7935714285714286 0.089 0.12714285714285714
0 0.1765 0.19357142857142856 0.079 0.11285714285714285
0 0.328 0.7 0.052 0.07142857142857142
0 0.5745 0.23357142857142857 0.081 0.11
0 0.5585 0.22642857142857142 0.093 0.13
0 0.6465 0.16785714285714284 0.075 0.11285714285714285
0 0.242 0.22142857142857142 0.068 0.10285714285714286
0 0.4075 0.21928571428571428 0.047 0.06142857142857143
0 0.149 0.2935714285714286 0.094 0.13285714285714287
0 0.448 0.7557142857142857 0.038 0.05714285714285714
0 0.84 0.8785714285714286 0.05 0.06857142857142857
