0 0.289 0.29285714285714287 0.074 0.11428571428571428
0 0.34 0.5542857142857143 0.07 0.09714285714285714
0 0.501 0.8778571428571429 0.068 0.09285714285714286
0 0.212 0.49214285714285716 0.096 0.1357142857142857
0 0.336 0.5007142857142857 0.102 0.14142857142857143
0 0.6295 0.7592857142857142 0.061 0.08714285714285715
0 0.246 0.105 0.046 0.06714285714285714
0 0.1685 0.5357142857142857 0.099 0.14
0 0.597 0.10428571428571429 0.068 0.09428571428571429
0 0.625 0.7935714285714286 0.072 0.11285714285714285
