0 0.67 0.8142857142857143 0.054 0.07714285714285714
0 0.7835 0.8514285714285714 0.067 0.09428571428571429
0 0.862 0.44785714285714284 0.04 0.05857142857142857
0 0.7145 0.1442857142857143 0.041 0.05142857142857143
0 0.4105 0.09785714285714285 0.093 0.14142857142857143
0 0.651 0.8578571428571429 0.058 0.08142857142857143
0 0.7425 0.25357142857142856 0.039 0.06428571428571428
0 0.851 0.4942857142857143 0.042 0.06285714285714286
0 0.1585 0.125 0.079 0.10142857142857142
0 0.856 0.43642857142857144 0.064 0.09857142857142857
0 0.4215 0.14642857142857144 0.093 0.13
