0 0.6185 0.7364285714285714 0.077 0.11571428571428571
0 0.4475 0.7507142857142857 0.059 0.09
0 0.611 0.18714285714285714 0.086 0.12571428571428572
0 0.161 0.16357142857142856 0.038 0.055714285714285716
0 0.684 0.375 0.09 0.13
0 0.206 0.2621428571428571 0.062 0.08428571428571428
0 0.2725 0.5771428571428572 0.033 0.04857142857142857
0 0.1855 0.205 0.039 0.055714285714285716
0 0.906 0.7578571428571429 0.072 0.09857142857142857
0 0.5275 0.45 0.071 0.10285714285714286
0 0.7945 0.8764285714285714 0.087 0.11857142857142858
0 0.1185 0.075 0.093 0.13857142857142857
