0 0.133 0.125 0.086 0.11857142857142858
0 0.507 0.8985714285714286 0.066 0.09142857142857143
0 0.425 0.08642857142857142 0.058 0.08428571428571428
0 0.313 0.86 0.09 0.12285714285714286
0 0.1715 0.3842857142857143 0.085 0.12571428571428572
0 0.123 0.5171428571428571 0.036 0.04857142857142857
0 0.155 0.4471428571428571 0.06 0.08285714285714285
0 0.3915 0.7892857142857143 0.061 0.08714285714285715
0 0.797 0.225 0.108 0.15571428571428572
0 0.734 0.7128571428571429 0.042 0.06285714285714286
0 0.3125 0.26 0.041 0.054285714285714284
0 0.6175 0.1707142857142857 0.067 0.09571428571428571
