0 0.755 0.22214285714285714 0.042 0.05857142857142857
0 0.2835 0.4035714285714286 0.089 0.13
0 0.4555 0.7521428571428571 0.083 0.11857142857142858
0 0.616 0.26142857142857145 0.052 0.07714285714285714
0 0.2245 0.11571428571428571 0.099 0.14285714285714285
0 0.321 0.35 0.092 0.13142857142857142
0 0.9255 0.8928571428571429 0.089 0.12285714285714286
0 0.8275 0.22 0.071 0.09714285714285714
0 0.1595 0.6828571428571428 0.063 0.08285714285714285
0 0.4445 0.8914285714285715 0.093 0.13428571428571429
0 0.4815 0.6578571428571428 0.055 0.07857142857142857
