0 0.5925 0.78 0.057 0.08285714285714285
0 0.6645 0.38785714285714284 0.089 0.13285714285714287
0 0.779 0.3992857142857143 0.074 0.10428571428571429
0 0.7195 0.44785714285714284 0.067 0.09571428571428571
0 0.0895 0.4542857142857143 0.091 0.12571428571428572
0 0.2135 0.6328571428571429 0.059 0.07142857142857142
0 0.364 0.825 0.098 0.13857142857142857
0 0.8205 0.5085714285714286 0.065 0.09428571428571429
0 0.707 0.17857142857142858 0.068 0.09428571428571429
0 0.519 0.16071428571428573 0.076 0.11
0 0.1715 0.43714285714285717 0.091 0.12857142857142856
0 0.427 0.685 0.106 0.15285714285714286
