0 0.6845 0.6792857142857143 0.039 0.05285714285714286
0 0.6315 0.11 0.079 0.11428571428571428
0 0.3895 0.755 0.065 0.09571428571428571
0 0.3745 0.21928571428571428 0.063 0.09
0 0.473 0.31785714285714284 0.094 0.12142857142857143
0 0.699 0.5607142857142857 0.074 0.10428571428571429
0 0.2075 0.3578571428571429 0.057 0.08714285714285715
0 0.8555 0.4707142857142857 0.093 0.1357142857142857
0 0.343 0.8642857142857143 0.044 0.06
0 0.8575 0.7428571428571429 0.069 0.09714285714285714
0 0.2595 0.62 0.051 0.06857142857142857
0 0.3655 0.5192857142857142 0.045 0.06428571428571428
0 0.875 0.37 0.102 0.14285714285714285
0 0.63 0.23357142857142857 0.096 0.14142857142857143
