0 0.936 0.77 0.048 0.06571428571428571
0 0.3025 0.5928571428571429 0.049 0.06571428571428571
0 0.5115 0.6528571428571428 0.109 0.15428571428571428
0 0.2445 0.5957142857142858 0.043 0.06285714285714286
0 0.2775 0.6657142857142857 0.069 0.09714285714285714
0 0.742 0.7714285714285715 0.092 0.12571428571428572
0 0.403 0.545 0.086 0.12142857142857143
0 0.8025 0.9121428571428571 0.071 0.09571428571428571
0 0.2545 0.3607142857142857 0.099 0.13857142857142857
0 0.121 0.6357142857142857 0.076 0.11142857142857143
