0 0.21 0.605 0.088 0.12428571428571429
0 0.5655 0.39 0.035 0.04857142857142857
0 0.873 0.7542857142857143 0.076 0.11428571428571428
0 0.796 0.5171428571428571 0.072 0.1
0 0.5295 0.7742857142857142 0.109 0.15428571428571428
0 0.1045 0.2392857142857143 0.053 0.07285714285714286
0 0.413 0.5078571428571429 0.062 0.08714285714285715
0 0.674 0.9057142857142857 0.092 0.13142857142857142
0 0.1095 0.6521428571428571 0.089 0.13285714285714287
0 0.219 0.5728571428571428 0.074 0.10571428571428572
0 0.3855 0.5435714285714286 0.091 0.12714285714285714
0 0.7645 0.10642857142857143 0.057 0.07857142857142857
0 0.569 0.10142857142857142 0.044 0.06
0 0.629 0.18928571428571428 0.032 0.04428571428571428
0 0.42 0.11857142857142858 0.096 0.14
