0 0.5365 0.4471428571428571 0.109 0.15428571428571428
0 0.464 0.715 0.04 0.06142857142857143
0 0.817 0.1692857142857143 0.096 0.13857142857142857
0 0.6735 0.7871428571428571 0.033 0.05142857142857143
0 0.909 0.23285714285714285 0.094 0.13428571428571429
0 0.0975 0.13857142857142857 0.087 0.12285714285714286
0 0.248 0.3942857142857143 0.036 0.054285714285714284
0 0.6715 0.1492857142857143 0.059 0.07857142857142857
0 0.0895 0.37714285714285717 0.049 0.06571428571428571
0 0.284 0.31857142857142856 0.076 0.11714285714285715
0 0.4345 0.2342857142857143 0.079 0.11714285714285715
0 0.767 0.29642857142857143 0.074 0.10428571428571429
