0 0.292 0.8435714285714285 0.076 0.11285714285714285
0 0.4165 0.2257142857142857 0.099 0.14
0 0.4475 0.8464285714285714 0.077 0.10714285714285714
0 0.5285 0.8007142857142857 0.045 0.06428571428571428
0 0.441 0.4014285714285714 0.078 0.11428571428571428
0 0.356 0.08 0.062 0.08857142857142856
0 0.1895 0.12214285714285714 0.079 0.11
0 0.4785 0.5357142857142857 0.087 0.12285714285714286
0 0.178 0.7021428571428572 0.074 0.10714285714285714
0 0.471 0.8142857142857143 0.056 0.08
0 0.4365 0.26142857142857145 0.031 0.05142857142857143
