0 0.272 0.30357142857142855 0.062 0.09
0 0.769 0.23214285714285715 0.036 0.05285714285714286
0 0.5385 0.11928571428571429 0.043 0.06428571428571428
0 0.5245 0.4157142857142857 0.093 0.13428571428571429
0 0.2725 0.715 0.065 0.09285714285714286
0 0.407 0.6278571428571429 0.106 0.15
0 0.763 0.14285714285714285 0.1 0.14
0 0.6635 0.39571428571428574 0.077 0.11142857142857143
0 0.2055 0.22642857142857142 0.095 0.14142857142857143
0 0.9055 0.19214285714285714 0.049 0.07
0 0.1765 0.14714285714285713 0.077 0.11428571428571428
0 0.883 0.33 0.068 0.09428571428571429
0 0.365 0.3914285714285714 0.08 0.12285714285714286
0 0.26 0.12142857142857143 0.104 0.15142857142857144
0 0.9025 0.6114285714285714 0.067 0.09714285714285714
