0 0.5465 0.37285714285714283 0.073 0.10285714285714286
0 0.487 0.6892857142857143 0.088 0.12428571428571429
0 0.7785 0.24571428571428572 0.045 0.06285714285714286
0 0.505 0.19714285714285715 0.104 0.14857142857142858
0 0.5905 0.44 0.079 0.10285714285714286
0 0.2505 0.13357142857142856 0.077 0.11571428571428571
0 0.393 0.7978571428571428 0.054 0.07857142857142857
0 0.556 0.325 0.044 0.06428571428571428
0 0.6165 0.17642857142857143 0.077 0.10428571428571429
0 0.6745 0.9007142857142857 0.095 0.13285714285714287
0 0.818 0.5914285714285714 0.052 0.06571428571428571
0 0.3235 0.215 0.061 0.09
