0 0.488 0.36357142857142855 0.068 0.09285714285714286
0 0.2275 0.7321428571428571 0.031 0.047142857142857146
0 0.6665 0.35285714285714287 0.069 0.1
0 0.731 0.19642857142857142 0.082 0.11285714285714285
0 0.693 0.49714285714285716 0.056 0.08
0 0.2505 0.14857142857142858 0.045 0.06571428571428571
0 0.4795 0.8757142857142857 0.093 0.12571428571428572
0 0.0985 0.5928571428571429 0.051 0.07142857142857142
0 0.697 0.24785714285714286 0.084 0.11285714285714285
0 0.4315 0.5635714285714286 0.085 0.12142857142857143
0 0.8935 0.5864285714285714 0.055 0.08142857142857143
0 0.2745 0.8292857142857143 0.041 0.05857142857142857
