0 0.7025 0.36214285714285716 0.079 0.11285714285714285
0 0.718 0.8307142857142857 0.072 0.09857142857142857
0 0.5125 0.31142857142857144 0.041 0.06285714285714286
0 0.143 0.3 0.04 0.06
0 0.795 0.34 0.042 0.06
0 0.544 0.17285714285714285 0.044 0.06285714285714286
0 0.9085 0.7542857142857143 0.055 0.07714285714285714
0 0.4985 0.3242857142857143 0.047 0.06571428571428571
0 0.3545 0.36857142857142855 0.073 0.10571428571428572
0 0.1585 0.15285714285714286 0.059 0.08285714285714285
0 0.7295 0.21357142857142858 0.057 0.08428571428571428
0 0.69 0.26285714285714284 0.066 0.09714285714285714
0 0.7465 0.39714285714285713 0.041 0.06
