0 0.9245 0.10785714285714286 0.071 0.10428571428571429
0 0.22 0.1692857142857143 0.064 0.09
0 0.573 0.48428571428571426 0.072 0.11714285714285715
0 0.2065 0.1692857142857143 0.065 0.08714285714285715
0 0.141 0.46214285714285713 0.052 0.07285714285714286
0 0.6015 0.46 0.077 0.10285714285714286
0 0.181 0.2542857142857143 0.054 0.08571428571428572
0 0.522 0.3221428571428571 0.054 0.07
0 0.415 0.2907142857142857 0.036 0.05285714285714286
0 0.442 0.5192857142857142 0.042 0.06714285714285714
0 0.6955 0.12428571428571429 0.057 0.08
0 0.3995 0.7414285714285714 0.067 0.09714285714285714
0 0.666 0.82 0.046 0.06285714285714286
