0 0.816 0.57 0.068 0.1
0 0.716 0.7821428571428571 0.074 0.10714285714285714
0 0.406 0.21928571428571428 0.086 0.12142857142857143
0 0.6125 0.5628571428571428 0.071 0.10285714285714286
0 0.7305 0.8292857142857143 0.091 0.13285714285714287
0 0.487 0.5492857142857143 0.04 0.05857142857142857
0 0.7785 0.20142857142857143 0.053 0.08571428571428572
0 0.8735 0.25 0.073 0.08857142857142856
0 0.5055 0.8321428571428572 0.085 0.11857142857142858
0 0.6365 0.31642857142857145 0.073 0.10428571428571429
0 0.192 0.14857142857142858 0.042 0.06
