0 0.755 0.5342857142857143 0.08 0.11142857142857143
0 0.8755 0.2764285714285714 0.045 0.06428571428571428
0 0.6105 0.6192857142857143 0.061 0.08714285714285715
0 0.3925 0.8007142857142857 0.079 0.10714285714285714
0 0.141 0.2007142857142857 0.064 0.08714285714285715
0 0.1375 0.7521428571428571 0.101 0.14142857142857143
0 0.149 0.1657142857142857 0.058 0.09142857142857143
0 0.8645 0.5235714285714286 0.051 0.07
0 0.2765 0.6678571428571428 0.061 0.08714285714285715
0 0.7595 0.3292857142857143 0.031 0.047142857142857146
0 0.257 0.47285714285714286 0.068 0.09428571428571429
0 0.6705 0.2357142857142857 0.071 0.10285714285714286
0 0.435 0.22785714285714287 0.048 0.07
