0 0.547 0.7214285714285714 0.106 0.15428571428571428
0 0.9415 0.5678571428571428 0.069 0.10428571428571429
0 0.31 0.6114285714285714 0.08 0.11428571428571428
0 0.6045 0.4707142857142857 0.043 0.06142857142857143
0 0.1325 0.51 0.071 0.1
0 0.4245 0.11142857142857143 0.077 0.10857142857142857
0 0.21 0.33 0.046 0.07142857142857142
0 0.5565 0.3078571428571429 0.037 0.055714285714285716
0 0.8315 0.37785714285714284 0.075 0.11285714285714285
0 0.1915 0.8778571428571429 0.091 0.1357142857142857
0 0.1865 0.34785714285714286 0.063 0.09285714285714286
0 0.888 0.44857142857142857 0.058 0.08571428571428572
