0 0.746 0.36714285714285716 0.046 0.06857142857142857
0 0.234 0.47785714285714287 0.058 0.08142857142857143
0 0.13 0.30857142857142855 0.044 0.06285714285714286
0 0.669 0.7714285714285715 0.076 0.10285714285714286
0 0.5835 0.21 0.039 0.06
0 0.1775 0.20142857142857143 0.063 0.09142857142857143
0 0.4855 0.7542857142857143 0.067 0.1
0 0.906 0.7357142857142858 0.072 0.10857142857142857
0 0.118 0.2592857142857143 0.078 0.11571428571428571
0 0.32 0.7 0.082 0.11428571428571428
0 0.7995 0.3742857142857143 0.099 0.13714285714285715
0 0.2365 0.10928571428571429 0.071 0.10142857142857142
