0 0.4225 0.7857142857142857 0.049 0.07428571428571429
0 0.402 0.6478571428571429 0.068 0.09857142857142857
0 0.715 0.8764285714285714 0.062 0.09
0 0.4285 0.1992857142857143 0.033 0.05
0 0.2485 0.6671428571428571 0.075 0.10285714285714286
0 0.5645 0.6935714285714286 0.077 0.12142857142857143
0 0.239 0.5535714285714286 0.06 0.08714285714285715
0 0.769 0.7092857142857143 0.098 0.13857142857142857
0 0.1315 0.85 0.065 0.09714285714285714
0 0.6635 0.5021428571428571 0.067 0.09285714285714286
0 0.2155 0.45071428571428573 0.095 0.1357142857142857
