0 0.325 0.38571428571428573 0.072 0.10285714285714286
0 0.559 0.7828571428571428 0.05 0.07714285714285714
0 0.2315 0.3535714285714286 0.079 0.10714285714285714
0 0.828 0.3607142857142857 0.088 0.12428571428571429
0 0.876 0.2642857142857143 0.038 0.05142857142857143
0 0.7335 0.19642857142857142 0.057 0.08142857142857143
0 0.697 0.4064285714285714 0.042 0.05857142857142857
0 0.529 0.8078571428571428 0.074 0.11285714285714285
0 0.7425 0.5957142857142858 0.033 0.045714285714285714
0 0.615 0.10714285714285714 0.092 0.12857142857142856
0 0.5435 0.7521428571428571 0.085 0.12142857142857143
0 0.427 0.2307142857142857 0.076 0.11
0 0.6005 0.08571428571428572 0.059 0.08
