0 0.389 0.11142857142857143 0.068 0.09428571428571429
0 0.8675 0.7892857142857143 0.045 0.06428571428571428
0 0.7645 0.7778571428571428 0.043 0.06428571428571428
0 0.699 0.445 0.07 0.09857142857142857
0 0.524 0.5664285714285714 0.072 0.10428571428571429
0 0.5765 0.6442857142857142 0.087 0.12
0 0.9355 0.7485714285714286 0.053 0.07714285714285714
0 0.577 0.22214285714285714 0.042 0.06142857142857143
0 0.0985 0.285 0.059 0.07857142857142857
0 0.315 0.41785714285714287 0.078 0.10714285714285714
0 0.265 0.9057142857142857 0.03 0.04
0 0.384 0.7814285714285715 0.048 0.06571428571428571
0 0.575 0.5542857142857143 0.09 0.12857142857142856
