0 0.651 0.32071428571428573 0.064 0.09571428571428571
0 0.466 0.325 0.082 0.11285714285714285
0 0.392 0.6385714285714286 0.042 0.05714285714285714
0 0.891 0.47928571428571426 0.074 0.10714285714285714
0 0.556 0.8392857142857143 0.084 0.11571428571428571
0 0.178 0.5878571428571429 0.082 0.11285714285714285
0 0.2 0.325 0.072 0.10142857142857142
0 0.4065 0.445 0.049 0.06428571428571428
0 0.302 0.6171428571428571 0.054 0.08857142857142856
0 0.437 0.22714285714285715 0.092 0.13142857142857142
0 0.724 0.6214285714285714 0.078 0.10857142857142857
0 0.4255 0.3628571428571429 0.057 0.08
