0 0.225 0.6021428571428571 0.092 0.13285714285714287
0 0.7565 0.4685714285714286 0.045 0.06857142857142857
0 0.926 0.34785714285714286 0.074 0.11
0 0.663 0.745 0.104 0.14714285714285713
0 0.4125 0.5285714285714286 0.085 0.12285714285714286
0 0.773 0.5057142857142857 0.096 0.13428571428571429
0 0.2605 0.5035714285714286 0.063 0.09
0 0.598 0.7028571428571428 0.056 0.08
0 0.91 0.7092857142857143 0.08 0.10142857142857142
0 0.4905 0.7378571428571429 0.041 0.06142857142857143
0 0.175 0.35642857142857143 0.058 0.08142857142857143
0 0.746 0.75 0.084 0.12
0 0.8945 0.4014285714285714 0.075 0.11142857142857143
0 0.458 0.32857142857142857 0.062 0.08285714285714285
