0 0.51 0.4228571428571429 0.044 0.06
0 0.2515 0.5714285714285714 0.071 0.10285714285714286
0 0.193 0.39 0.052 0.06857142857142857
0 0.1345 0.7042857142857143 0.043 0.06285714285714286
0 0.4755 0.115 0.067 0.09285714285714286
0 0.519 0.17142857142857143 0.05 0.07428571428571429
0 0.541 0.41928571428571426 0.064 0.09285714285714286
0 0.728 0.11785714285714285 0.038 0.05285714285714286
0 0.2005 0.8192857142857143 0.083 0.11857142857142858
0 0.6395 0.9114285714285715 0.051 0.07142857142857142
0 0.7285 0.8964285714285715 0.101 0.13857142857142857
0 0.485 0.44142857142857145 0.052 0.07714285714285714
0 0.7105 0.22142857142857142 0.039 0.05142857142857143
0 0.163 0.5864285714285714 0.062 0.09
