0 0.793 0.11785714285714285 0.048 0.06714285714285714
0 0.715 0.4714285714285714 0.046 0.06571428571428571
0 0.84 0.6042857142857143 0.042 0.05714285714285714
0 0.2795 0.5435714285714286 0.039 0.055714285714285716
0 0.1275 0.4421428571428571 0.091 0.12142857142857143
0 0.7825 0.2642857142857143 0.043 0.06
0 0.239 0.5171428571428571 0.104 0.14857142857142858
0 0.7915 0.6807142857142857 0.051 0.07
0 0.422 0.5171428571428571 0.088 0.12571428571428572
0 0.117 0.37214285714285716 0.032 0.05285714285714286
0 0.524 0.6007142857142858 0.078 0.11285714285714285
0 0.6925 0.15714285714285714 0.077 0.10571428571428572
0 0.652 0.4585714285714286 0.084 0.12
