0 0.1255 0.3985714285714286 0.049 0.06857142857142857
0 0.0755 0.10214285714285715 0.055 0.07285714285714286
0 0.6575 0.17142857142857143 0.055 0.08857142857142856
0 0.935 0.3457142857142857 0.072 0.10857142857142857
0 0.1645 0.22142857142857142 0.073 0.10285714285714286
0 0.207 0.32785714285714285 0.056 0.07857142857142857
0 0.456 0.5192857142857142 0.078 0.10714285714285714
0 0.818 0.7664285714285715 0.03 0.03857142857142857
0 0.4265 0.7621428571428571 0.053 0.07285714285714286
0 0.1815 0.48142857142857143 0.047 0.06285714285714286
0 0.539 0.505 0.042 0.06714285714285714
0 0.476 0.30857142857142855 0.04 0.05714285714285714
0 0.8375 0.15928571428571428 0.039 0.05857142857142857
0 0.4115 0.6571428571428571 0.059 0.07714285714285714
0 0.301 0.7664285714285715 0.096 0.13857142857142857
