0 0.773 0.5357142857142857 0.05 0.07428571428571429
0 0.1785 0.3628571428571429 0.059 0.08571428571428572
0 0.4115 0.5678571428571428 0.065 0.09571428571428571
0 0.783 0.11714285714285715 0.062 0.08857142857142856
0 0.885 0.28714285714285714 0.066 0.09142857142857143
0 0.469 0.37285714285714283 0.076 0.10571428571428572
0 0.67 0.7278571428571429 0.096 0.13857142857142857
0 0.1395 0.12071428571428572 0.093 0.13285714285714287
0 0.785 0.65 0.072 0.1
0 0.282 0.6642857142857143 0.05 0.07142857142857142
