0 0.262 0.87 0.068 0.09714285714285714
0 0.486 0.2042857142857143 0.094 0.13142857142857142
0 0.326 0.23 0.07 0.10285714285714286
0 0.347 0.6928571428571428 0.072 0.10571428571428572
0 0.7175 0.5471428571428572 0.077 0.11428571428571428
0 0.1355 0.43785714285714283 0.085 0.12142857142857143
0 0.716 0.20785714285714285 0.064 0.09571428571428571
0 0.348 0.35 0.086 0.12
0 0.7745 0.1792857142857143 0.093 0.13
0 0.6705 0.3557142857142857 0.079 0.11428571428571428
0 0.621 0.6585714285714286 0.096 0.13714285714285715
0 0.5715 0.505 0.083 0.11571428571428571
0 0.4625 0.8778571428571429 0.099 0.14714285714285713
