0 0.219 0.7535714285714286 0.042 0.06142857142857143
0 0.6085 0.275 0.049 0.06714285714285714
0 0.757 0.7007142857142857 0.048 0.06714285714285714
0 0.8875 0.1407142857142857 0.087 0.12428571428571429
0 0.5315 0.1707142857142857 0.083 0.12142857142857143
0 0.8825 0.33071428571428574 0.051 0.06714285714285714
0 0.382 0.16357142857142856 0.08 0.11285714285714285
0 0.314 0.4635714285714286 0.074 0.11
0 0.438 0.4014285714285714 0.072 0.10285714285714286
0 0.9055 0.34714285714285714 0.107 0.15428571428571428
