0 0.7785 0.5564285714285714 0.067 0.09571428571428571
0 0.5565 0.88 0.061 0.08857142857142856
0 0.142 0.36357142857142855 0.102 0.1442857142857143
0 0.065 0.845 0.096 0.1442857142857143
0 0.609 0.11428571428571428 0.046 0.06571428571428571
0 0.168 0.8642857142857143 0.05 0.07142857142857142
0 0.9395 0.8921428571428571 0.067 0.09571428571428571
0 0.7605 0.6435714285714286 0.091 0.13285714285714287
0 0.2755 0.21214285714285713 0.061 0.09
0 0.369 0.08642857142857142 0.096 0.13285714285714287
0 0.6125 0.3107142857142857 0.091 0.13
