0 0.5195 0.31 0.057 0.08285714285714285
0 0.913 0.6285714285714286 0.05 0.06571428571428571
0 0.7035 0.1 0.037 0.054285714285714284
0 0.1995 0.4657142857142857 0.049 0.06857142857142857
0 0.33 0.21214285714285713 0.1 0.14714285714285713
0 0.8325 0.7 0.047 0.07142857142857142
0 0.1515 0.8071428571428572 0.047 0.06285714285714286
0 0.699 0.5928571428571429 0.064 0.09142857142857143
0 0.4075 0.7571428571428571 0.075 0.10285714285714286
0 0.4035 0.7228571428571429 0.105 0.14857142857142858
0 0.629 0.4328571428571429 0.052 0.07714285714285714
