0 0.194 0.4928571428571429 0.046 0.06857142857142857
0 0.86 0.31357142857142856 0.076 0.11285714285714285
0 0.846 0.49357142857142855 0.054 0.07571428571428572
0 0.647 0.2557142857142857 0.046 0.06
0 0.1825 0.8892857142857142 0.039 0.055714285714285716
0 0.624 0.19214285714285714 0.04 0.05857142857142857
0 0.7865 0.455 0.041 0.06142857142857143
0 0.756 0.25357142857142856 0.084 0.12142857142857143
0 0.6185 0.41214285714285714 0.059 0.09285714285714286
0 0.6545 0.43785714285714283 0.041 0.055714285714285716
0 0.714 0.8971428571428571 0.05 0.07142857142857142
