0 0.456 0.21214285714285713 0.052 0.07285714285714286
0 0.4965 0.77 0.093 0.13714285714285715
0 0.8535 0.8528571428571429 0.069 0.1
0 0.2995 0.8392857142857143 0.055 0.07571428571428572
0 0.145 0.41 0.06 0.08571428571428572
0 0.803 0.1 0.08 0.11428571428571428
0 0.8855 0.25357142857142856 0.107 0.15285714285714286
0 0.9345 0.6335714285714286 0.037 0.055714285714285716
0 0.4305 0.5978571428571429 0.071 0.10428571428571429
0 0.3935 0.8264285714285714 0.049 0.07
0 0.5705 0.8257142857142857 0.085 0.12285714285714286
0 0.665 0.8114285714285714 0.082 0.11714285714285715
0 0.4325 0.23714285714285716 0.057 0.07714285714285714
