0 0.6335 0.7492857142857143 0.079 0.11571428571428571
0 0.157 0.35714285714285715 0.054 0.08571428571428572
0 0.6835 0.26357142857142857 0.061 0.09285714285714286
0 0.4225 0.21 0.043 0.06
0 0.732 0.34 0.052 0.07714285714285714
0 0.817 0.6542857142857142 0.066 0.09428571428571429
0 0.8585 0.74 0.087 0.12285714285714286
0 0.6775 0.375 0.039 0.055714285714285716
0 0.194 0.17357142857142857 0.082 0.11571428571428571
0 0.8665 0.15642857142857142 0.065 0.09571428571428571
0 0.084 0.49785714285714283 0.06 0.07857142857142857
