0 0.473 0.38571428571428573 0.086 0.12285714285714286
0 0.5675 0.5871428571428572 0.091 0.11714285714285715
0 0.79 0.32285714285714284 0.064 0.09714285714285714
0 0.111 0.13857142857142857 0.084 0.12857142857142856
0 0.2385 0.25642857142857145 0.083 0.11
0 0.1395 0.7135714285714285 0.045 0.06428571428571428
0 0.1235 0.12285714285714286 0.083 0.11714285714285715
0 0.671 0.8271428571428572 0.05 0.06285714285714286
0 0.354 0.7342857142857143 0.066 0.09428571428571429
0 0.737 0.1657142857142857 0.072 0.11428571428571428
0 0.534 0.13857142857142857 0.076 0.11428571428571428
0 0.2145 0.42714285714285716 0.029 0.04285714285714286
0 0.761 0.575 0.102 0.14714285714285713
0 0.6085 0.18071428571428572 0.061 0.08714285714285715
0 0.8935 0.7921428571428571 0.099 0.1442857142857143
