0 0.2315 0.9 0.061 0.08571428571428572
0 0.3055 0.4421428571428571 0.043 0.06142857142857143
0 0.2595 0.18928571428571428 0.049 0.07
0 0.2895 0.38642857142857145 0.065 0.09
0 0.2255 0.7028571428571428 0.105 0.15142857142857144
0 0.8295 0.28785714285714287 0.095 0.13857142857142857
0 0.662 0.11357142857142857 0.094 0.1357142857142857
0 0.0725 0.4185714285714286 0.071 0.10571428571428572
0 0.6395 0.17714285714285713 0.085 0.12285714285714286
0 0.46 0.335 0.042 0.055714285714285716
0 0.1285 0.09214285714285714 0.043 0.06428571428571428
0 0.496 0.4521428571428571 0.098 0.13857142857142857
0 0.4355 0.15 0.067 0.09428571428571429
0 0.8055 0.6342857142857142 0.049 0.07142857142857142
