0 0.8715 0.6335714285714286 0.055 0.07571428571428572
0 0.162 0.5192857142857142 0.052 0.07
0 0.2145 0.17357142857142857 0.041 0.05285714285714286
0 0.7485 0.8121428571428572 0.035 0.05285714285714286
0 0.252 0.10357142857142858 0.102 0.14714285714285713
0 0.123 0.5214285714285715 0.066 0.09714285714285714
0 0.6015 0.4635714285714286 0.057 0.08428571428571428
0 0.4305 0.38571428571428573 0.075 0.10571428571428572
0 0.07 0.8114285714285714 0.056 0.07428571428571429
0 0.675 0.845 0.08 0.11857142857142858
0 0.227 0.24714285714285714 0.046 0.06571428571428571
0 0.4185 0.5985714285714285 0.059 0.08571428571428572
0 0.6045 0.3157142857142857 0.109 0.15428571428571428
0 0.388 0.12785714285714286 0.062 0.09
