0 0.3385 0.68 0.043 0.06285714285714286
0 0.5455 0.6064285714285714 0.053 0.07571428571428572
0 0.276 0.785 0.048 0.07
0 0.2325 0.5578571428571428 0.043 0.06142857142857143
0 0.641 0.3557142857142857 0.046 0.06571428571428571
0 0.2155 0.48857142857142855 0.087 0.11714285714285715
0 0.163 0.7407142857142858 0.092 0.1357142857142857
0 0.707 0.73 0.034 0.045714285714285714
0 0.2035 0.3742857142857143 0.079 0.11714285714285715
0 0.792 0.2757142857142857 0.068 0.09428571428571429
0 0.3025 0.11285714285714285 0.041 0.06
