0 0.0995 0.29642857142857143 0.063 0.09
0 0.3495 0.7342857142857143 0.077 0.11714285714285715
0 0.075 0.7885714285714286 0.052 0.07428571428571429
0 0.2575 0.8507142857142858 0.083 0.11
0 0.9135 0.5578571428571428 0.063 0.09285714285714286
0 0.239 0.32571428571428573 0.058 0.09142857142857143
0 0.8325 0.37785714285714284 0.057 0.08428571428571428
0 0.7385 0.36714285714285716 0.045 0.06571428571428571
0 0.7265 0.7735714285714286 0.101 0.14142857142857143
0 0.5155 0.435 0.085 0.11857142857142858
0 0.4925 0.24571428571428572 0.063 0.09142857142857143
0 0.5815 0.7557142857142857 0.041 0.06
