0 0.4435 0.675 0.063 0.08714285714285715
0 0.5365 0.09571428571428571 0.039 0.05142857142857143
0 0.0785 0.6128571428571429 0.049 0.07142857142857142
0 0.879 0.14 0.088 0.12571428571428572
0 0.666 0.3442857142857143 0.05 0.07142857142857142
0 0.36 0.59 0.078 0.11428571428571428
0 0.14 0.09928571428571428 0.078 0.10714285714285714
0 0.539 0.905 0.078 0.11571428571428571
0 0.7455 0.4942857142857143 0.085 0.11714285714285715
0 0.273 0.44642857142857145 0.07 0.10428571428571429
0 0.073 0.25285714285714284 0.074 0.10571428571428572
0 0.2385 0.17285714285714285 0.055 0.07714285714285714
