0 0.101 0.15214285714285714 0.09 0.13285714285714287
0 0.819 0.5635714285714286 0.044 0.06428571428571428
0 0.8665 0.14214285714285715 0.061 0.09
0 0.5965 0.15857142857142856 0.097 0.13428571428571429
0 0.6185 0.8807142857142857 0.047 0.06714285714285714
0 0.693 0.27785714285714286 0.072 0.10714285714285714
0 0.4265 0.23142857142857143 0.037 0.05142857142857143
0 0.251 0.5285714285714286 0.048 0.07428571428571429
0 0.596 0.4392857142857143 0.03 0.04428571428571428
0 0.466 0.45714285714285713 0.09 0.13142857142857142
0 0.3675 0.6464285714285715 0.073 0.09857142857142857
0 0.48 0.6978571428571428 0.082 0.11
0 0.464 0.385 0.096 0.13857142857142857
0 0.891 0.8535714285714285 0.054 0.07857142857142857
