0 0.4315 0.725 0.087 0.12428571428571429
0 0.398 0.8821428571428571 0.08 0.10714285714285714
0 0.087 0.1792857142857143 0.092 0.13285714285714287
0 0.4 0.5592857142857143 0.058 0.07857142857142857
0 0.6745 0.14357142857142857 0.077 0.10428571428571429
0 0.0775 0.8064285714285714 0.055 0.07571428571428572
0 0.149 0.7064285714285714 0.084 0.12142857142857143
0 0.5945 0.8521428571428571 0.073 0.10714285714285714
0 0.101 0.33714285714285713 0.058 0.07142857142857142
0 0.3535 0.10071428571428571 0.047 0.07
0 0.1065 0.7842857142857143 0.057 0.07714285714285714
0 0.43 0.44142857142857145 0.066 0.09714285714285714
0 0.747 0.5928571428571429 0.066 0.11142857142857143
0 0.4415 0.6214285714285714 0.081 0.10857142857142857
0 0.7275 0.13285714285714287 0.099 0.1457142857142857
