0 0.9125 0.335 0.053 0.07285714285714286
0 0.6835 0.5171428571428571 0.059 0.1
0 0.182 0.3078571428571429 0.052 0.07857142857142857
0 0.8515 0.5342857142857143 0.053 0.08285714285714285
0 0.8395 0.6757142857142857 0.037 0.05142857142857143
0 0.585 0.8585714285714285 0.072 0.1
0 0.7555 0.6157142857142858 0.043 0.05714285714285714
0 0.7025 0.5478571428571428 0.055 0.08428571428571428
0 0.513 0.6485714285714286 0.062 0.08857142857142856
0 0.3095 0.8892857142857142 0.075 0.11
0 0.9295 0.4185714285714286 0.089 0.12571428571428572
