0 0.346 0.095 0.042 0.05857142857142857
0 0.7055 0.12857142857142856 0.103 0.1457142857142857
0 0.533 0.24428571428571427 0.054 0.07714285714285714
0 0.259 0.7064285714285714 0.058 0.08428571428571428
0 0.2485 0.6707142857142857 0.067 0.09571428571428571
0 0.112 0.5807142857142857 0.048 0.06714285714285714
0 0.532 0.69 0.096 0.13142857142857142
0 0.2125 0.37714285714285717 0.045 0.06857142857142857
0 0.603 0.9021428571428571 0.038 0.055714285714285716
0 0.5685 0.14285714285714285 0.053 0.08285714285714285
0 0.7585 0.7878571428571428 0.047 0.07285714285714286
0 0.8805 0.3092857142857143 0.075 0.10428571428571429
0 0.9065 0.6178571428571429 0.071 0.10714285714285714
0 0.091 0.19142857142857142 0.08 0.10857142857142857
0 0.8675 0.5814285714285714 0.075 0.1
