0 0.808 0.1407142857142857 0.072 0.10142857142857142
0 0.8535 0.18642857142857142 0.101 0.14142857142857143
0 0.1265 0.6171428571428571 0.045 0.06
0 0.4035 0.46714285714285714 0.063 0.09142857142857143
0 0.708 0.5221428571428571 0.082 0.12142857142857143
0 0.333 0.39571428571428574 0.04 0.054285714285714284
0 0.16 0.17357142857142857 0.046 0.06714285714285714
0 0.764 0.7428571428571429 0.096 0.13714285714285715
0 0.2815 0.6228571428571429 0.059 0.08
0 0.238 0.705 0.038 0.055714285714285716
0 0.1005 0.3007142857142857 0.093 0.13285714285714287
