0 0.623 0.13785714285714284 0.066 0.09285714285714286
0 0.839 0.5364285714285715 0.038 0.05285714285714286
0 0.8695 0.6528571428571428 0.043 0.06285714285714286
0 0.1405 0.8578571428571429 0.075 0.10428571428571429
0 0.924 0.8157142857142857 0.082 0.11714285714285715
0 0.8995 0.11357142857142857 0.083 0.10714285714285714
0 0.3005 0.5821428571428572 0.035 0.047142857142857146
0 0.666 0.15857142857142856 0.064 0.09142857142857143
0 0.0975 0.7885714285714286 0.037 0.054285714285714284
0 0.7435 0.3485714285714286 0.101 0.1457142857142857
0 0.071 0.18357142857142858 0.046 0.06428571428571428
0 0.6815 0.8042857142857143 0.081 0.10285714285714286
0 0.417 0.11714285714285715 0.056 0.07428571428571429
0 0.6465 0.12285714285714286 0.097 0.13714285714285715
