0 0.1935 0.26785714285714285 0.089 0.12714285714285714
0 0.8285 0.6071428571428571 0.093 0.13714285714285715
0 0.763 0.7621428571428571 0.076 0.11
0 0.089 0.3392857142857143 0.096 0.13857142857142857
0 0.1395 0.26357142857142857 0.089 0.13
0 0.668 0.19714285714285715 0.062 0.08571428571428572
0 0.154 0.45357142857142857 0.074 0.11285714285714285
0 0.534 0.15142857142857144 0.04 0.05714285714285714
0 0.1885 0.32285714285714284 0.087 0.12285714285714286
0 0.25 0.3742857142857143 0.084 0.12571428571428572
0 0.5305 0.5785714285714286 0.087 0.12
0 0.5715 0.12214285714285714 0.089 0.12142857142857143
0 0.4375 0.28785714285714287 0.035 0.055714285714285716
