0 0.639 0.16214285714285714 0.094 0.13285714285714287
0 0.3095 0.31285714285714283 0.083 0.11714285714285715
0 0.2185 0.15 0.089 0.12571428571428572
0 0.5185 0.24714285714285714 0.037 0.05714285714285714
0 0.304 0.9157142857142857 0.07 0.10285714285714286
0 0.0935 0.3707142857142857 0.093 0.13
0 0.621 0.5357142857142857 0.08 0.11142857142857143
0 0.5755 0.8842857142857142 0.089 0.12857142857142856
0 0.5885 0.3742857142857143 0.077 0.10857142857142857
0 0.3035 0.23642857142857143 0.039 0.05285714285714286
