0 0.7855 0.17 0.081 0.11142857142857143
0 0.2455 0.15642857142857142 0.033 0.05
0 0.334 0.275 0.068 0.10142857142857142
0 0.5475 0.23857142857142857 0.041 0.06
0 0.232 0.465 0.036 0.05
0 0.23 0.6135714285714285 0.066 0.09857142857142857
0 0.451 0.3992857142857143 0.074 0.10714285714285714
0 0.904 0.7514285714285714 0.084 0.12285714285714286
0 0.267 0.6464285714285715 0.104 0.15
0 0.262 0.5142857142857142 0.06 0.08571428571428572
0 0.1625 0.31 0.037 0.054285714285714284
0 0.852 0.23214285714285715 0.046 0.07285714285714286
0 0.902 0.8321428571428572 0.07 0.09857142857142857
0 0.147 0.44571428571428573 0.108 0.15428571428571428
0 0.2415 0.2807142857142857 0.105 0.1442857142857143
