0 0.42 0.8842857142857142 0.032 0.04285714285714286
0 0.2995 0.6407142857142857 0.051 0.07857142857142857
0 0.8045 0.26857142857142857 0.047 0.06571428571428571
0 0.077 0.12928571428571428 0.076 0.11
0 0.3575 0.7028571428571428 0.079 0.11714285714285715
0 0.2425 0.435 0.081 0.11
0 0.141 0.5357142857142857 0.038 0.05714285714285714
0 0.729 0.39285714285714285 0.07 0.1
0 0.4275 0.3942857142857143 0.067 0.09142857142857143
0 0.3905 0.6135714285714285 0.097 0.13285714285714287
0 0.778 0.5192857142857142 0.048 0.07
0 0.8645 0.39785714285714285 0.045 0.06428571428571428
0 0.1715 0.5978571428571429 0.051 0.07285714285714286
