0 0.2295 0.8971428571428571 0.087 0.12857142857142856
0 0.3805 0.3507142857142857 0.037 0.055714285714285716
0 0.8385 0.9 0.079 0.10857142857142857
0 0.6755 0.09928571428571428 0.055 0.07857142857142857
0 0.174 0.8385714285714285 0.098 0.14285714285714285
0 0.208 0.8564285714285714 0.044 0.06142857142857143
0 0.5025 0.4471428571428571 0.053 0.08
0 0.2135 0.5721428571428572 0.043 0.06714285714285714
0 0.9225 0.20214285714285715 0.079 0.11285714285714285
0 0.475 0.6964285714285714 0.088 0.12714285714285714
0 0.8605 0.45 0.047 0.06571428571428571
0 0.7005 0.4657142857142857 0.079 0.11714285714285715
0 0.842 0.48642857142857143 0.084 0.13285714285714287
0 0.2335 0.3221428571428571 0.047 0.07
0 0.7835 0.40214285714285714 0.083 0.10428571428571429
