0 0.785 0.7914285714285715 0.068 0.1
0 0.772 0.22785714285714287 0.092 0.12714285714285714
0 0.764 0.39357142857142857 0.044 0.06714285714285714
0 0.508 0.32571428571428573 0.078 0.11428571428571428
0 0.771 0.6771428571428572 0.07 0.09714285714285714
0 0.9045 0.365 0.055 0.07571428571428572
0 0.2235 0.5664285714285714 0.055 0.07571428571428572
0 0.877 0.5592857142857143 0.05 0.06142857142857143
0 0.8315 0.4764285714285714 0.047 0.06714285714285714
0 0.2085 0.8407142857142857 0.037 0.05285714285714286
0 0.1825 0.3678571428571429 0.055 0.07571428571428572
0 0.268 0.45357142857142857 0.092 0.13285714285714287
0 0.757 0.38 0.07 0.09714285714285714
0 0.471 0.18214285714285713 0.086 0.13
0 0.8995 0.7707142857142857 0.047 0.06428571428571428
