0 0.431 0.8757142857142857 0.05 0.07142857142857142
0 0.207 0.4007142857142857 0.072 0.10142857142857142
0 0.4425 0.4157142857142857 0.057 0.08571428571428572
0 0.5395 0.7064285714285714 0.099 0.13857142857142857
0 0.1125 0.83 0.053 0.07428571428571429
0 0.083 0.48214285714285715 0.04 0.055714285714285716
0 0.346 0.35642857142857143 0.088 0.12428571428571429
0 0.2825 0.34 0.065 0.09714285714285714
0 0.268 0.6857142857142857 0.092 0.13428571428571429
0 0.7395 0.9042857142857142 0.095 0.14
0 0.619 0.7557142857142857 0.042 0.06
0 0.2455 0.2057142857142857 0.067 0.10857142857142857
0 0.124 0.32285714285714284 0.032 0.05142857142857143
0 0.26 0.8185714285714286 0.046 0.06857142857142857
0 0.1465 0.6692857142857143 0.051 0.07
