0 0.3345 0.7264285714285714 0.069 0.09571428571428571
0 0.099 0.8285714285714286 0.07 0.1
0 0.924 0.7435714285714285 0.064 0.09571428571428571
0 0.576 0.235 0.068 0.10142857142857142
0 0.562 0.26142857142857145 0.05 0.07428571428571429
0 0.6815 0.8614285714285714 0.065 0.1
0 0.918 0.42142857142857143 0.058 0.08285714285714285
0 0.136 0.5328571428571428 0.07 0.09428571428571429
0 0.404 0.32285714285714284 0.06 0.08571428571428572
0 0.0705 0.27071428571428574 0.039 0.06142857142857143
0 0.6505 0.6914285714285714 0.077 0.10571428571428572
0 0.1985 0.11 0.049 0.06857142857142857
